2022/02/26 10:11:41 1 [1-1] 0x00000000 80,0,0,0,1,0,1,55,10,0,0,0,[80,0,0,0,1,0,1,AA,10,0,0,0,][0,0,0,0,0,0,0,0,0,0,0,0,]
2022/02/26 10:11:41 1 [1-1] 0x00000000 18,0,0,0,2,0,0,55,0,0,0,0,[18,0,0,0,2,0,0,AA,0,0,0,0,][0,0,0,0,0,0,0,0,0,0,0,0,]
2022/02/26 10:11:42 1 [1-2] 0x00000000 1A,0,0,0,3,0,0,55,2C,0,4,0,[18,0,0,0,2,0,0,AA,0,0,0,0,][1A,0,0,0,3,0,0,AA,2C,0,4,0,]
2022/02/26 10:11:42 1 [1-2] 0x00000000 15,0,0,0,4,0,0,55,4,0,4,0,[1A,0,0,0,3,0,0,AA,2C,0,4,0,][15,0,0,0,4,0,0,AA,4,0,4,0,]
2022/02/26 10:24:18 1 [1-2] 0x00000000 15,0,0,0,5,0,0,55,4,0,4,0,[15,0,0,0,4,0,0,AA,4,0,4,0,][15,0,0,0,5,0,0,AA,4,0,4,0,]
2022/02/26 10:24:18 1 [1-2] 0x00000000 15,0,0,0,6,0,0,55,C0,AB,4,0,[15,0,0,0,5,0,0,AA,4,0,4,0,][15,0,0,0,6,0,0,AA,C0,AB,4,0,]
2022/02/26 10:31:38 1 [1-2] 0x00000000 3,0,0,0,7,0,0,55,1,0,4,0,[15,0,0,0,6,0,0,AA,C0,AB,4,0,][3,0,0,0,7,0,0,AA,1,0,4,0,]
2022/02/26 10:31:38 1 [1-2] 0x00000000 1,0,0,0,8,0,1,55,C0,AB,8,0,[3,0,0,0,7,0,0,AA,1,0,4,0,][1,0,0,0,8,0,1,AA,C0,AB,8,0,]
2022/02/26 10:31:38 1 [1-1] 0x00000000 15,0,0,0,9,0,0,55,4,0,4,0,[15,0,0,0,9,0,0,AA,4,0,4,0,][0,0,0,0,0,0,0,0,0,0,0,0,]
2022/02/26 11:25:02 1 [1-2] 0x00000000 15,0,0,0,A,0,0,55,4,0,4,0,[15,0,0,0,9,0,0,AA,4,0,4,0,][15,0,0,0,A,0,0,AA,4,0,4,0,]
2022/02/26 11:25:56 1 [1-2] 0x00000000 15,0,0,0,B,0,0,55,C0,AB,4,0,[15,0,0,0,A,0,0,AA,4,0,4,0,][15,0,0,0,B,0,0,AA,C0,AB,4,0,]
2022/02/26 11:50:12 1 [10-0] 0xFFFFFFFE 15,0,0,0,C,0,0,55,4,0,4,0,[15,0,0,0,B,0,0,AA,C0,AB,4,0,][0,0,0,0,0,0,0,0,0,0,0,0,]
2022/02/26 11:50:18 0 [2-0] 0x00000000 15,0,0,0,C,0,0,55,4,0,4,0,[0,0,0,0,0,0,0,0,0,0,0,0,][0,0,0,0,0,0,0,0,0,0,0,0,]
0000/00/00 00:00:00 0 [0-0] 0x00000000 0,0,0,0,0,0,0,0,0,0,0,0,[0,0,0,0,0,0,0,0,0,0,0,0,][0,0,0,0,0,0,0,0,0,0,0,0,]
0000/00/00 00:00:00 0 [0-0] 0x00000000 0,0,0,0,0,0,0,0,0,0,0,0,[0,0,0,0,0,0,0,0,0,0,0,0,][0,0,0,0,0,0,0,0,0,0,0,0,]
0000/00/00 00:00:00 0 [0-0] 0x00000000 0,0,0,0,0,0,0,0,0,0,0,0,[0,0,0,0,0,0,0,0,0,0,0,0,][0,0,0,0,0,0,0,0,0,0,0,0,]
0000/00/00 00:00:00 0 [0-0] 0x00000000 0,0,0,0,0,0,0,0,0,0,0,0,[0,0,0,0,0,0,0,0,0,0,0,0,][0,0,0,0,0,0,0,0,0,0,0,0,]
0000/00/00 00:00:00 0 [0-0] 0x00000000 0,0,0,0,0,0,0,0,0,0,0,0,[0,0,0,0,0,0,0,0,0,0,0,0,][0,0,0,0,0,0,0,0,0,0,0,0,]
0000/00/00 00:00:00 0 [0-0] 0x00000000 0,0,0,0,0,0,0,0,0,0,0,0,[0,0,0,0,0,0,0,0,0,0,0,0,][0,0,0,0,0,0,0,0,0,0,0,0,]
0000/00/00 00:00:00 0 [0-0] 0x00000000 0,0,0,0,0,0,0,0,0,0,0,0,[0,0,0,0,0,0,0,0,0,0,0,0,][0,0,0,0,0,0,0,0,0,0,0,0,]
0000/00/00 00:00:00 0 [0-0] 0x00000000 0,0,0,0,0,0,0,0,0,0,0,0,[0,0,0,0,0,0,0,0,0,0,0,0,][0,0,0,0,0,0,0,0,0,0,0,0,]
0000/00/00 00:00:00 0 [0-0] 0x00000000 0,0,0,0,0,0,0,0,0,0,0,0,[0,0,0,0,0,0,0,0,0,0,0,0,][0,0,0,0,0,0,0,0,0,0,0,0,]
0000/00/00 00:00:00 0 [0-0] 0x00000000 0,0,0,0,0,0,0,0,0,0,0,0,[0,0,0,0,0,0,0,0,0,0,0,0,][0,0,0,0,0,0,0,0,0,0,0,0,]
0000/00/00 00:00:00 0 [0-0] 0x00000000 0,0,0,0,0,0,0,0,0,0,0,0,[0,0,0,0,0,0,0,0,0,0,0,0,][0,0,0,0,0,0,0,0,0,0,0,0,]
0000/00/00 00:00:00 0 [0-0] 0x00000000 0,0,0,0,0,0,0,0,0,0,0,0,[0,0,0,0,0,0,0,0,0,0,0,0,][0,0,0,0,0,0,0,0,0,0,0,0,]
0000/00/00 00:00:00 0 [0-0] 0x00000000 0,0,0,0,0,0,0,0,0,0,0,0,[0,0,0,0,0,0,0,0,0,0,0,0,][0,0,0,0,0,0,0,0,0,0,0,0,]
0000/00/00 00:00:00 0 [0-0] 0x00000000 0,0,0,0,0,0,0,0,0,0,0,0,[0,0,0,0,0,0,0,0,0,0,0,0,][0,0,0,0,0,0,0,0,0,0,0,0,]
0000/00/00 00:00:00 0 [0-0] 0x00000000 0,0,0,0,0,0,0,0,0,0,0,0,[0,0,0,0,0,0,0,0,0,0,0,0,][0,0,0,0,0,0,0,0,0,0,0,0,]
0000/00/00 00:00:00 0 [0-0] 0x00000000 0,0,0,0,0,0,0,0,0,0,0,0,[0,0,0,0,0,0,0,0,0,0,0,0,][0,0,0,0,0,0,0,0,0,0,0,0,]
0000/00/00 00:00:00 0 [0-0] 0x00000000 0,0,0,0,0,0,0,0,0,0,0,0,[0,0,0,0,0,0,0,0,0,0,0,0,][0,0,0,0,0,0,0,0,0,0,0,0,]
0000/00/00 00:00:00 0 [0-0] 0x00000000 0,0,0,0,0,0,0,0,0,0,0,0,[0,0,0,0,0,0,0,0,0,0,0,0,][0,0,0,0,0,0,0,0,0,0,0,0,]
0000/00/00 00:00:00 0 [0-0] 0x00000000 0,0,0,0,0,0,0,0,0,0,0,0,[0,0,0,0,0,0,0,0,0,0,0,0,][0,0,0,0,0,0,0,0,0,0,0,0,]
0000/00/00 00:00:00 0 [0-0] 0x00000000 0,0,0,0,0,0,0,0,0,0,0,0,[0,0,0,0,0,0,0,0,0,0,0,0,][0,0,0,0,0,0,0,0,0,0,0,0,]
0000/00/00 00:00:00 0 [0-0] 0x00000000 0,0,0,0,0,0,0,0,0,0,0,0,[0,0,0,0,0,0,0,0,0,0,0,0,][0,0,0,0,0,0,0,0,0,0,0,0,]
0000/00/00 00:00:00 0 [0-0] 0x00000000 0,0,0,0,0,0,0,0,0,0,0,0,[0,0,0,0,0,0,0,0,0,0,0,0,][0,0,0,0,0,0,0,0,0,0,0,0,]
0000/00/00 00:00:00 0 [0-0] 0x00000000 0,0,0,0,0,0,0,0,0,0,0,0,[0,0,0,0,0,0,0,0,0,0,0,0,][0,0,0,0,0,0,0,0,0,0,0,0,]
0000/00/00 00:00:00 0 [0-0] 0x00000000 0,0,0,0,0,0,0,0,0,0,0,0,[0,0,0,0,0,0,0,0,0,0,0,0,][0,0,0,0,0,0,0,0,0,0,0,0,]
0000/00/00 00:00:00 0 [0-0] 0x00000000 0,0,0,0,0,0,0,0,0,0,0,0,[0,0,0,0,0,0,0,0,0,0,0,0,][0,0,0,0,0,0,0,0,0,0,0,0,]
0000/00/00 00:00:00 0 [0-0] 0x00000000 0,0,0,0,0,0,0,0,0,0,0,0,[0,0,0,0,0,0,0,0,0,0,0,0,][0,0,0,0,0,0,0,0,0,0,0,0,]
0000/00/00 00:00:00 0 [0-0] 0x00000000 0,0,0,0,0,0,0,0,0,0,0,0,[0,0,0,0,0,0,0,0,0,0,0,0,][0,0,0,0,0,0,0,0,0,0,0,0,]
0000/00/00 00:00:00 0 [0-0] 0x00000000 0,0,0,0,0,0,0,0,0,0,0,0,[0,0,0,0,0,0,0,0,0,0,0,0,][0,0,0,0,0,0,0,0,0,0,0,0,]
0000/00/00 00:00:00 0 [0-0] 0x00000000 0,0,0,0,0,0,0,0,0,0,0,0,[0,0,0,0,0,0,0,0,0,0,0,0,][0,0,0,0,0,0,0,0,0,0,0,0,]
0000/00/00 00:00:00 0 [0-0] 0x00000000 0,0,0,0,0,0,0,0,0,0,0,0,[0,0,0,0,0,0,0,0,0,0,0,0,][0,0,0,0,0,0,0,0,0,0,0,0,]
0000/00/00 00:00:00 0 [0-0] 0x00000000 0,0,0,0,0,0,0,0,0,0,0,0,[0,0,0,0,0,0,0,0,0,0,0,0,][0,0,0,0,0,0,0,0,0,0,0,0,]
0000/00/00 00:00:00 0 [0-0] 0x00000000 0,0,0,0,0,0,0,0,0,0,0,0,[0,0,0,0,0,0,0,0,0,0,0,0,][0,0,0,0,0,0,0,0,0,0,0,0,]
0000/00/00 00:00:00 0 [0-0] 0x00000000 0,0,0,0,0,0,0,0,0,0,0,0,[0,0,0,0,0,0,0,0,0,0,0,0,][0,0,0,0,0,0,0,0,0,0,0,0,]
0000/00/00 00:00:00 0 [0-0] 0x00000000 0,0,0,0,0,0,0,0,0,0,0,0,[0,0,0,0,0,0,0,0,0,0,0,0,][0,0,0,0,0,0,0,0,0,0,0,0,]
0000/00/00 00:00:00 0 [0-0] 0x00000000 0,0,0,0,0,0,0,0,0,0,0,0,[0,0,0,0,0,0,0,0,0,0,0,0,][0,0,0,0,0,0,0,0,0,0,0,0,]
0000/00/00 00:00:00 0 [0-0] 0x00000000 0,0,0,0,0,0,0,0,0,0,0,0,[0,0,0,0,0,0,0,0,0,0,0,0,][0,0,0,0,0,0,0,0,0,0,0,0,]
0000/00/00 00:00:00 0 [0-0] 0x00000000 0,0,0,0,0,0,0,0,0,0,0,0,[0,0,0,0,0,0,0,0,0,0,0,0,][0,0,0,0,0,0,0,0,0,0,0,0,]
0000/00/00 00:00:00 0 [0-0] 0x00000000 0,0,0,0,0,0,0,0,0,0,0,0,[0,0,0,0,0,0,0,0,0,0,0,0,][0,0,0,0,0,0,0,0,0,0,0,0,]
0000/00/00 00:00:00 0 [0-0] 0x00000000 0,0,0,0,0,0,0,0,0,0,0,0,[0,0,0,0,0,0,0,0,0,0,0,0,][0,0,0,0,0,0,0,0,0,0,0,0,]
0000/00/00 00:00:00 0 [0-0] 0x00000000 0,0,0,0,0,0,0,0,0,0,0,0,[0,0,0,0,0,0,0,0,0,0,0,0,][0,0,0,0,0,0,0,0,0,0,0,0,]
0000/00/00 00:00:00 0 [0-0] 0x00000000 0,0,0,0,0,0,0,0,0,0,0,0,[0,0,0,0,0,0,0,0,0,0,0,0,][0,0,0,0,0,0,0,0,0,0,0,0,]
0000/00/00 00:00:00 0 [0-0] 0x00000000 0,0,0,0,0,0,0,0,0,0,0,0,[0,0,0,0,0,0,0,0,0,0,0,0,][0,0,0,0,0,0,0,0,0,0,0,0,]
0000/00/00 00:00:00 0 [0-0] 0x00000000 0,0,0,0,0,0,0,0,0,0,0,0,[0,0,0,0,0,0,0,0,0,0,0,0,][0,0,0,0,0,0,0,0,0,0,0,0,]
0000/00/00 00:00:00 0 [0-0] 0x00000000 0,0,0,0,0,0,0,0,0,0,0,0,[0,0,0,0,0,0,0,0,0,0,0,0,][0,0,0,0,0,0,0,0,0,0,0,0,]
0000/00/00 00:00:00 0 [0-0] 0x00000000 0,0,0,0,0,0,0,0,0,0,0,0,[0,0,0,0,0,0,0,0,0,0,0,0,][0,0,0,0,0,0,0,0,0,0,0,0,]
0000/00/00 00:00:00 0 [0-0] 0x00000000 0,0,0,0,0,0,0,0,0,0,0,0,[0,0,0,0,0,0,0,0,0,0,0,0,][0,0,0,0,0,0,0,0,0,0,0,0,]
0000/00/00 00:00:00 0 [0-0] 0x00000000 0,0,0,0,0,0,0,0,0,0,0,0,[0,0,0,0,0,0,0,0,0,0,0,0,][0,0,0,0,0,0,0,0,0,0,0,0,]
0000/00/00 00:00:00 0 [0-0] 0x00000000 0,0,0,0,0,0,0,0,0,0,0,0,[0,0,0,0,0,0,0,0,0,0,0,0,][0,0,0,0,0,0,0,0,0,0,0,0,]
0000/00/00 00:00:00 0 [0-0] 0x00000000 0,0,0,0,0,0,0,0,0,0,0,0,[0,0,0,0,0,0,0,0,0,0,0,0,][0,0,0,0,0,0,0,0,0,0,0,0,]
0000/00/00 00:00:00 0 [0-0] 0x00000000 0,0,0,0,0,0,0,0,0,0,0,0,[0,0,0,0,0,0,0,0,0,0,0,0,][0,0,0,0,0,0,0,0,0,0,0,0,]
0000/00/00 00:00:00 0 [0-0] 0x00000000 0,0,0,0,0,0,0,0,0,0,0,0,[0,0,0,0,0,0,0,0,0,0,0,0,][0,0,0,0,0,0,0,0,0,0,0,0,]
0000/00/00 00:00:00 0 [0-0] 0x00000000 0,0,0,0,0,0,0,0,0,0,0,0,[0,0,0,0,0,0,0,0,0,0,0,0,][0,0,0,0,0,0,0,0,0,0,0,0,]
0000/00/00 00:00:00 0 [0-0] 0x00000000 0,0,0,0,0,0,0,0,0,0,0,0,[0,0,0,0,0,0,0,0,0,0,0,0,][0,0,0,0,0,0,0,0,0,0,0,0,]
0000/00/00 00:00:00 0 [0-0] 0x00000000 0,0,0,0,0,0,0,0,0,0,0,0,[0,0,0,0,0,0,0,0,0,0,0,0,][0,0,0,0,0,0,0,0,0,0,0,0,]
0000/00/00 00:00:00 0 [0-0] 0x00000000 0,0,0,0,0,0,0,0,0,0,0,0,[0,0,0,0,0,0,0,0,0,0,0,0,][0,0,0,0,0,0,0,0,0,0,0,0,]
0000/00/00 00:00:00 0 [0-0] 0x00000000 0,0,0,0,0,0,0,0,0,0,0,0,[0,0,0,0,0,0,0,0,0,0,0,0,][0,0,0,0,0,0,0,0,0,0,0,0,]
0000/00/00 00:00:00 0 [0-0] 0x00000000 0,0,0,0,0,0,0,0,0,0,0,0,[0,0,0,0,0,0,0,0,0,0,0,0,][0,0,0,0,0,0,0,0,0,0,0,0,]
0000/00/00 00:00:00 0 [0-0] 0x00000000 0,0,0,0,0,0,0,0,0,0,0,0,[0,0,0,0,0,0,0,0,0,0,0,0,][0,0,0,0,0,0,0,0,0,0,0,0,]
0000/00/00 00:00:00 0 [0-0] 0x00000000 0,0,0,0,0,0,0,0,0,0,0,0,[0,0,0,0,0,0,0,0,0,0,0,0,][0,0,0,0,0,0,0,0,0,0,0,0,]
0000/00/00 00:00:00 0 [0-0] 0x00000000 0,0,0,0,0,0,0,0,0,0,0,0,[0,0,0,0,0,0,0,0,0,0,0,0,][0,0,0,0,0,0,0,0,0,0,0,0,]
0000/00/00 00:00:00 0 [0-0] 0x00000000 0,0,0,0,0,0,0,0,0,0,0,0,[0,0,0,0,0,0,0,0,0,0,0,0,][0,0,0,0,0,0,0,0,0,0,0,0,]
0000/00/00 00:00:00 0 [0-0] 0x00000000 0,0,0,0,0,0,0,0,0,0,0,0,[0,0,0,0,0,0,0,0,0,0,0,0,][0,0,0,0,0,0,0,0,0,0,0,0,]
0000/00/00 00:00:00 0 [0-0] 0x00000000 0,0,0,0,0,0,0,0,0,0,0,0,[0,0,0,0,0,0,0,0,0,0,0,0,][0,0,0,0,0,0,0,0,0,0,0,0,]
0000/00/00 00:00:00 0 [0-0] 0x00000000 0,0,0,0,0,0,0,0,0,0,0,0,[0,0,0,0,0,0,0,0,0,0,0,0,][0,0,0,0,0,0,0,0,0,0,0,0,]
0000/00/00 00:00:00 0 [0-0] 0x00000000 0,0,0,0,0,0,0,0,0,0,0,0,[0,0,0,0,0,0,0,0,0,0,0,0,][0,0,0,0,0,0,0,0,0,0,0,0,]
0000/00/00 00:00:00 0 [0-0] 0x00000000 0,0,0,0,0,0,0,0,0,0,0,0,[0,0,0,0,0,0,0,0,0,0,0,0,][0,0,0,0,0,0,0,0,0,0,0,0,]
0000/00/00 00:00:00 0 [0-0] 0x00000000 0,0,0,0,0,0,0,0,0,0,0,0,[0,0,0,0,0,0,0,0,0,0,0,0,][0,0,0,0,0,0,0,0,0,0,0,0,]
0000/00/00 00:00:00 0 [0-0] 0x00000000 0,0,0,0,0,0,0,0,0,0,0,0,[0,0,0,0,0,0,0,0,0,0,0,0,][0,0,0,0,0,0,0,0,0,0,0,0,]
0000/00/00 00:00:00 0 [0-0] 0x00000000 0,0,0,0,0,0,0,0,0,0,0,0,[0,0,0,0,0,0,0,0,0,0,0,0,][0,0,0,0,0,0,0,0,0,0,0,0,]
0000/00/00 00:00:00 0 [0-0] 0x00000000 0,0,0,0,0,0,0,0,0,0,0,0,[0,0,0,0,0,0,0,0,0,0,0,0,][0,0,0,0,0,0,0,0,0,0,0,0,]
0000/00/00 00:00:00 0 [0-0] 0x00000000 0,0,0,0,0,0,0,0,0,0,0,0,[0,0,0,0,0,0,0,0,0,0,0,0,][0,0,0,0,0,0,0,0,0,0,0,0,]
0000/00/00 00:00:00 0 [0-0] 0x00000000 0,0,0,0,0,0,0,0,0,0,0,0,[0,0,0,0,0,0,0,0,0,0,0,0,][0,0,0,0,0,0,0,0,0,0,0,0,]
0000/00/00 00:00:00 0 [0-0] 0x00000000 0,0,0,0,0,0,0,0,0,0,0,0,[0,0,0,0,0,0,0,0,0,0,0,0,][0,0,0,0,0,0,0,0,0,0,0,0,]
0000/00/00 00:00:00 0 [0-0] 0x00000000 0,0,0,0,0,0,0,0,0,0,0,0,[0,0,0,0,0,0,0,0,0,0,0,0,][0,0,0,0,0,0,0,0,0,0,0,0,]
0000/00/00 00:00:00 0 [0-0] 0x00000000 0,0,0,0,0,0,0,0,0,0,0,0,[0,0,0,0,0,0,0,0,0,0,0,0,][0,0,0,0,0,0,0,0,0,0,0,0,]
0000/00/00 00:00:00 0 [0-0] 0x00000000 0,0,0,0,0,0,0,0,0,0,0,0,[0,0,0,0,0,0,0,0,0,0,0,0,][0,0,0,0,0,0,0,0,0,0,0,0,]
0000/00/00 00:00:00 0 [0-0] 0x00000000 0,0,0,0,0,0,0,0,0,0,0,0,[0,0,0,0,0,0,0,0,0,0,0,0,][0,0,0,0,0,0,0,0,0,0,0,0,]
0000/00/00 00:00:00 0 [0-0] 0x00000000 0,0,0,0,0,0,0,0,0,0,0,0,[0,0,0,0,0,0,0,0,0,0,0,0,][0,0,0,0,0,0,0,0,0,0,0,0,]
0000/00/00 00:00:00 0 [0-0] 0x00000000 0,0,0,0,0,0,0,0,0,0,0,0,[0,0,0,0,0,0,0,0,0,0,0,0,][0,0,0,0,0,0,0,0,0,0,0,0,]
0000/00/00 00:00:00 0 [0-0] 0x00000000 0,0,0,0,0,0,0,0,0,0,0,0,[0,0,0,0,0,0,0,0,0,0,0,0,][0,0,0,0,0,0,0,0,0,0,0,0,]
0000/00/00 00:00:00 0 [0-0] 0x00000000 0,0,0,0,0,0,0,0,0,0,0,0,[0,0,0,0,0,0,0,0,0,0,0,0,][0,0,0,0,0,0,0,0,0,0,0,0,]
0000/00/00 00:00:00 0 [0-0] 0x00000000 0,0,0,0,0,0,0,0,0,0,0,0,[0,0,0,0,0,0,0,0,0,0,0,0,][0,0,0,0,0,0,0,0,0,0,0,0,]
0000/00/00 00:00:00 0 [0-0] 0x00000000 0,0,0,0,0,0,0,0,0,0,0,0,[0,0,0,0,0,0,0,0,0,0,0,0,][0,0,0,0,0,0,0,0,0,0,0,0,]
0000/00/00 00:00:00 0 [0-0] 0x00000000 0,0,0,0,0,0,0,0,0,0,0,0,[0,0,0,0,0,0,0,0,0,0,0,0,][0,0,0,0,0,0,0,0,0,0,0,0,]
0000/00/00 00:00:00 0 [0-0] 0x00000000 0,0,0,0,0,0,0,0,0,0,0,0,[0,0,0,0,0,0,0,0,0,0,0,0,][0,0,0,0,0,0,0,0,0,0,0,0,]
0000/00/00 00:00:00 0 [0-0] 0x00000000 0,0,0,0,0,0,0,0,0,0,0,0,[0,0,0,0,0,0,0,0,0,0,0,0,][0,0,0,0,0,0,0,0,0,0,0,0,]
0000/00/00 00:00:00 0 [0-0] 0x00000000 0,0,0,0,0,0,0,0,0,0,0,0,[0,0,0,0,0,0,0,0,0,0,0,0,][0,0,0,0,0,0,0,0,0,0,0,0,]
