2022/02/26, 10:11:25, [    0],[    1],1,0,0,0,8,0,6,0,E,0,55,0,0,0,
2022/02/26, 10:11:25, [    1],[    1],2,0,0,0,4,0,2,0,4,0,
2022/02/26, 10:11:25, [    1],[    1],3,0,0,0,4,0,2,0,C,0,
2022/02/26, 10:11:25, [    1],[    1],4,0,0,0,4,0,2,0,9,0,
2022/02/26, 10:11:25, [    1],[    1],5,0,0,0,14,0,2,0,A0,0,6,0,A1,1,FF,FF,FF,0,6,0,F,0,0,0,0,0,
2022/02/26, 10:11:25, [   11],[    1],6,0,0,0,94,0,6,0,A2,0,0,0,0,0,24,0,A4,0,28,0,17,0,0,0,0,0,0,0,0,0,12,0,0,0,43,6F,70,79,72,69,67,68,74,28,63,29,20,32,30,31,36,2D,2E,0,A4,0,28,0,18,0,0,0,0,0,0,0,0,0,1C,0,0,0,59,61,73,6B,61,77,61,20,45,6C,65,63,74,72,69,63,20,43,6F,72,70,6F,72,61,74,69,6F,6E,2,0,A5,0,A,0,A3,0,4,0,1,0,1,0,0,0,24,0,A4,0,A,0,4,0,0,0,1,0,0,0,FF,0,12,0,0,0,53,74,61,72,74,69,6E,67,20,75,70,20,73,79,73,74,65,6D,
2022/02/26, 10:11:25, [    1],[    1],7,0,0,0,33,0,A,0,A3,1,6,0,1,0,1,0,D1,25,25,0,A4,FF,A,0,6,0,0,0,1,0,0,0,0,0,13,0,0,0,30,31,30,30,20,53,65,74,75,70,20,48,61,72,64,57,61,72,65,
2022/02/26, 10:11:25, [    3],[    1],8,0,0,0,80,0,A,0,A3,0,6,0,1,0,1,0,76,B,3B,0,A4,0,A,0,6,0,0,0,1,0,0,0,0,0,29,0,6D,14,30,33,30,30,20,43,68,65,63,6B,20,50,61,72,61,6D,65,74,65,72,20,28,4F,66,66,6C,69,6E,65,20,55,73,69,6E,67,20,4F,6E,6C,79,29,A,0,A3,0,6,0,1,0,1,0,0,0,29,0,A4,0,A,0,6,0,0,0,1,0,0,0,0,0,17,0,D,26,30,34,30,30,20,53,74,61,72,74,20,42,6F,6F,74,20,50,72,6F,63,65,73,73,
2022/02/26, 10:11:26, [   26],[    1],9,0,0,0,3A,0,A,0,A3,1,6,0,1,0,1,0,0,0,2C,0,A4,0,A,0,6,0,0,0,1,0,0,0,0,0,1A,0,D1,25,30,35,30,30,20,53,74,61,72,74,20,4F,66,66,6C,69,6E,65,20,50,72,6F,63,65,73,73,
2022/02/26, 10:11:27, [   35],[    1],A,0,0,0,3E,0,3C,0,A4,26,E,0,8,0,2,0,1,0,0,0,0,0,2A,0,EE,EE,30,34,31,31,20,54,72,61,6E,73,66,65,72,20,53,79,73,74,65,6D,2D,44,61,74,61,20,74,6F,20,53,44,43,41,30,31,20,20,42,6F,61,72,64,
2022/02/26, 10:11:35, [  307],[    1],B,0,0,0,C,0,A,0,A3,0,8,0,1,0,1,0,0,0,
2022/02/26, 10:11:35, [    2],[    1],C,0,0,0,51,0,A,0,A3,0,6,0,1,0,1,0,0,0,43,0,A4,0,A,0,6,0,0,0,1,0,0,0,0,0,31,0,D,26,30,36,30,30,20,53,74,61,72,74,20,53,65,72,76,6F,20,43,6F,6D,6D,75,6E,69,63,61,74,69,6F,6E,20,49,6E,69,74,69,61,6C,69,7A,65,20,50,72,6F,63,65,73,73,
2022/02/26, 10:11:35, [   20],[    1],D,0,0,0,7F,0,A,0,A3,0,6,0,1,0,1,0,1,1,35,0,A4,26,A,0,6,0,0,0,1,0,0,0,0,0,23,0,9,26,30,37,30,30,20,53,74,61,72,74,20,50,72,65,4F,6E,6C,69,6E,65,20,43,6F,6D,6D,6F,6E,20,50,72,6F,63,65,73,73,A,0,A3,0,6,0,1,0,1,0,0,0,2E,0,A4,C,A,0,6,0,0,0,1,0,0,0,0,0,1C,0,FF,FF,30,38,30,30,20,53,74,61,72,74,20,50,72,65,4F,6E,6C,69,6E,65,20,50,72,6F,63,65,73,73,
2022/02/26, 10:11:39, [  161],[    1],E,0,0,0,39,0,A,0,A3,0,6,0,1,0,1,0,6,7,2B,0,A4,0,A,0,6,0,0,0,1,0,0,0,0,0,19,0,0,0,30,39,30,30,20,53,74,61,72,74,20,4F,6E,6C,69,6E,65,20,50,72,6F,63,65,73,73,
2022/02/26, 10:11:39, [   14],[    1],F,0,0,0,8,0,2,0,AF,0,2,0,7,0,
2022/02/26, 10:11:39, [    2],[    1],10,0,0,0,D0,0,2A,0,5F,0,0,0,0,0,0,0,0,0,0,0,0,0,0,0,0,0,0,0,0,0,0,0,0,0,0,0,0,0,0,0,0,0,1,0,0,0,0,0,0,0,82,0,59,0,1,1,1,1,1,0,1,0,0,0,0,0,0,0,0,1,0,0,0,0,58,2,0,0,0,0,0,1,1,0,0,0,0,0,7,0,0,0,0,0,0,0,0,0,0,0,0,0,0,0,0,0,0,0,0,0,0,0,0,0,0,0,0,0,0,0,0,0,0,0,0,0,0,0,0,0,0,0,0,0,0,0,0,0,0,0,0,0,0,0,0,0,0,0,0,0,0,0,0,0,0,0,0,0,0,0,0,0,0,0,0,0,0,0,0,0,0,0,0,0,0,0,0,0,0,0,26,0,6,0,50,0,0,0,0,0,6,0,50,0,1,0,0,0,6,0,50,0,2,0,0,0,6,0,50,0,3,0,0,0,
2022/02/26, 10:11:39, [    1],[    1],11,0,0,0,8,0,6,0,F,0,1,0,0,0,
2022/02/26, 10:11:40, [    5],[    1],12,0,0,0,4,0,2,0,81,0,
2022/02/26, 10:11:40, [    1],[    1],13,0,0,0,4,2,E,0,70,0,A,0,A4,0,1,0,1,0,1,0,0,0,1E,0,69,0,0,0,0,0,0,0,0,0,0,0,0,0,0,0,0,0,0,0,0,0,0,0,0,0,0,0,0,0,22,1,66,0,1,1,0,0,1,2,0,0,1,3,0,0,1,4,0,0,1,5,0,0,1,6,0,0,11,1,0,0,0,0,0,0,0,0,0,0,0,0,0,0,0,0,0,0,0,0,0,0,0,0,0,0,0,0,0,0,0,0,0,0,0,0,0,0,0,0,0,0,0,0,0,0,0,0,0,0,0,0,0,0,0,0,0,0,0,0,0,0,0,0,0,0,0,0,0,0,0,0,0,0,0,0,0,0,0,0,0,0,0,0,0,0,0,0,0,0,0,0,0,0,0,0,0,0,0,0,0,0,0,0,0,0,0,0,0,0,0,0,0,0,0,0,0,0,0,0,0,0,0,0,0,0,0,0,0,0,0,0,0,0,0,0,0,0,0,0,0,0,0,0,0,0,0,0,0,0,0,0,0,0,0,0,0,0,0,0,0,0,0,0,0,0,0,0,0,0,0,0,0,0,0,0,0,0,0,0,0,0,0,0,0,0,0,0,0,0,0,0,0,0,0,0,0,0,0,0,0,0,0,0,0,0,0,0,0,0,0,0,0,0,0,0,0,0,0,0,0,0,0,0,0,0,0,0,0,0,0,0,0,0,0,0,0,0,0,0,0,0,0,0,0,0,0,0,0,0,0,0,0,0,0,0,0,0,0,0,0,0,1E,0,67,0,1,0,0,0,0,0,0,0,0,0,0,0,0,0,0,0,0,0,0,0,0,0,0,0,0,0,0,0,1E,0,68,0,1,0,0,0,0,0,0,0,0,0,0,0,0,0,0,0,0,0,0,0,0,0,0,0,0,0,0,0,6E,0,79,0,1,1,0,0,0,0,0,0,0,0,0,0,0,0,0,0,0,0,0,0,0,0,0,0,0,0,0,0,0,0,0,0,0,0,0,0,0,0,0,0,0,0,0,0,0,0,0,0,0,0,0,0,0,0,0,0,0,0,0,0,0,0,0,0,0,0,0,0,0,0,0,0,0,0,0,0,0,0,0,0,0,0,0,0,0,0,0,0,0,0,0,0,0,0,0,0,0,0,0,0,0,0,0,0,0,0,0,0,
2022/02/26, 10:11:40, [    1],[    1],14,0,0,0,98,0,6E,0,79,0,11,1,0,0,0,0,0,0,0,0,0,0,0,0,0,0,0,0,0,0,0,0,0,0,0,0,0,0,0,0,0,0,0,0,0,0,0,0,0,0,0,0,0,0,0,0,0,0,0,0,0,0,0,0,0,0,0,0,0,0,0,0,0,0,0,0,0,0,0,0,0,0,0,0,0,0,0,0,0,0,0,0,0,0,0,0,0,0,0,0,0,0,0,0,0,0,0,0,0,0,0,0,0,0,0,0,0,0,1E,0,69,0,0,0,0,0,0,0,0,0,0,0,0,0,0,0,0,0,0,0,0,0,0,0,0,0,0,0,0,0,6,0,A,0,88,13,0,0,
2022/02/26, 10:11:40, [    4],[    1],15,0,0,0,8,0,6,0,5A,FF,1,0,2,4,
2022/02/26, 10:11:40, [    1],[    1],16,0,0,0,CC,3,6,0,65,0,2,0,0,0,52,1,70,0,4E,1,A0,0,1,0,1,0,0,0,0,0,A,0,0,0,4A,4F,42,0,0,0,0,0,0,0,0,0,0,0,0,0,0,0,0,0,0,0,0,0,0,0,5,0,FF,FF,0,0,53,50,4F,54,20,57,45,4C,44,49,4E,47,0,0,0,0,0,0,0,0,0,0,0,0,1,0,8,0,9,0,0,0,56,41,52,49,41,42,4C,45,0,0,0,0,0,0,0,0,0,0,0,0,0,0,0,0,2,0,9,0,FF,FF,0,0,49,4E,2F,4F,55,54,0,0,0,0,0,0,0,0,0,0,0,0,0,0,0,0,0,0,3,0,A,0,FF,FF,0,0,52,4F,42,4F,54,0,0,0,0,0,0,0,0,0,0,0,0,0,0,0,0,0,0,0,4,0,B,0,FF,FF,0,0,53,59,53,54,45,4D,20,49,4E,46,4F,0,0,0,0,0,0,0,0,0,0,0,0,0,5,0,C,0,FF,FF,0,0,45,58,2E,20,4D,45,4D,4F,52,59,0,0,0,0,0,0,0,0,0,0,0,0,0,0,6,0,D,0,FF,FF,0,0,53,45,54,55,50,0,0,0,0,0,0,0,0,0,0,0,0,0,0,0,0,0,0,0,8,0,F,0,FF,FF,0,0,53,41,46,45,54,59,20,46,55,4E,43,2E,0,0,0,0,0,0,0,0,0,0,0,0,9,0,82,0,FF,FF,0,0,50,4D,0,0,0,0,0,0,0,0,0,0,0,0,0,0,0,0,0,0,0,0,0,0,A,0,94,0,FF,FF,0,0,22,0,70,0,1E,0,A1,0,1,0,1,0,0,0,A,0,0,0,1,0,2,0,3,0,4,0,5,0,6,0,8,0,9,0,A,0,12,1,70,0,E,1,A2,0,1,0,1,0,0,0,0,0,8,0,0,0,4A,4F,42,0,0,0,0,0,0,0,0,0,0,0,0,0,0,0,0,0,0,0,0,0,0,0,10,0,0,0,0,0,53,45,4C,45,43,54,20,4A,4F,42,0,0,0,0,0,0,0,0,0,0,0,0,0,0,1,0,11,0,0,0,0,0,43,52,45,41,54,45,20,4E,45,57,20,4A,4F,42,0,0,0,0,0,0,0,0,0,0,4,0,12,0,0,0,0,0,4A,4F,42,20,43,41,50,41,43,49,54,59,0,0,0,0,0,0,0,0,0,0,0,0,6,0,14,0,0,0,0,0,43,54,52,4C,20,4D,41,53,54,45,52,0,0,0,0,0,0,0,0,0,0,0,0,0,9,0,13,0,0,0,0,0,43,59,43,4C,45,0,0,0,0,0,0,0,0,0,0,0,0,0,0,0,0,0,0,0,D,0,16,0,0,0,0,0,4A,4F,42,20,45,44,49,54,28,50,4C,41,59,29,0,0,0,0,0,0,0,0,0,0,F,0,10,0,0,0,0,0,50,4C,41,59,20,45,44,49,54,20,4A,4F,42,20,4C,49,53,54,0,0,0,0,0,0,10,0,10,0,0,0,0,0,22,0,70,0,1E,0,A3,0,1,0,1,0,0,0,0,0,8,0,0,0,0,0,1,0,4,0,6,0,9,0,D,0,F,0,10,0,12,1,70,0,E,1,A2,0,1,0,1,0,0,0,1,0,8,0,0,0,53,50,4F,54,20,53,55,50,45,52,56,49,53,49,4F,4E,0,0,0,0,0,0,0,0,1D,0,71,0,0,0,0,0,43,4C,45,41,52,41,4E,43,45,20,53,45,54,54,49,4E,47,0,0,0,0,0,0,0,1E,0,77,0,0,0,0,0,50,52,45,53,53,55,52,45,0,0,0,0,0,0,0,0,0,0,0,0,0,0,0,0,1F,0,73,0,0,0,0,0,47,55,4E,20,50,52,45,53,53,55,52,45,0,0,0,0,0,0,0,0,0,0,0,0,20,0,72,0,0,0,0,0,54,49,50,20,44,52,45,53,53,20,43,4F,4E,44,49,54,49,4F,4E,0,0,0,0,0,21,0,91,0,0,0,0,0,54,49,50,20,44,52,45,53,53,20,53,55,50,45,52,56,49,53,49,4F,4E,0,0,0,22,0,91,0,0,0,0,0,50,52,53,53,52,20,45,52,52,20,44,45,54,45,43,54,0,0,0,0,0,0,0,0,28,0,0,0,0,0,0,0,50,52,53,53,52,20,45,52,52,20,44,45,54,45,43,54,20,48,49,53,54,0,0,0,29,0,0,0,0,0,0,0,
2022/02/26, 10:11:40, [    1],[    2],17,0,0,0,C2,1,22,0,70,0,1E,0,A3,0,1,0,1,0,0,0,1,0,8,0,0,0,1D,0,1E,0,1F,0,20,0,21,0,22,0,28,0,29,0,72,1,70,0,6E,1,A2,0,1,0,1,0,0,0,2,0,B,0,0,0,42,59,54,45,0,0,0,0,0,0,0,0,0,0,0,0,0,0,0,0,0,0,0,0,0,0,1E,0,0,0,0,0,49,4E,54,45,47,45,52,0,0,0,0,0,0,0,0,0,0,0,0,0,0,0,0,0,1,0,1F,0,0,0,0,0,44,4F,55,42,4C,45,0,0,0,0,0,0,0,0,0,0,0,0,0,0,0,0,0,0,2,0,20,0,0,0,0,0,52,45,41,4C,0,0,0,0,0,0,0,0,0,0,0,0,0,0,0,0,0,0,0,0,3,0,21,0,0,0,0,0,53,54,52,49,4E,47,0,0,0,0,0,0,0,0,0,0,0,0,0,0,0,0,0,0,4,0,22,0,0,0,0,0,50,4F,53,49,54,49,4F,4E,28,52,4F,42,4F,54,29,0,0,0,0,0,0,0,0,0,5,0,23,0,0,0,0,0,50,4F,53,49,54,49,4F,4E,28,53,54,29,0,0,0,0,0,0,0,0,0,0,0,0,7,0,25,0,0,0,0,0,4C,4F,43,41,4C,20,56,41,52,49,41,42,4C,45,0,0,0,0,0,0,0,0,0,0,8,0,26,0,0,0,0,0,54,49,4D,45,52,0,0,0,0,0,0,0,0,0,0,0,0,0,0,0,0,0,0,0,11,0,AF,0,0,0,0,0,54,49,4D,45,52,20,46,4C,41,47,0,0,0,0,0,0,0,0,0,0,0,0,0,0,12,0,B0,0,0,0,0,0,46,4C,41,47,0,0,0,0,0,0,0,0,0,0,0,0,0,0,0,0,0,0,0,0,13,0,C8,0,0,0,0,0,28,0,70,0,24,0,A3,0,1,0,1,0,0,0,2,0,B,0,0,0,0,0,1,0,2,0,3,0,4,0,5,0,7,0,8,0,11,0,12,0,13,0,
2022/02/26, 10:11:40, [    2],[    1],18,0,0,0,F2,2,B2,2,70,0,AE,2,A2,0,1,0,1,0,0,0,3,0,15,0,0,0,45,58,54,45,52,4E,41,4C,20,49,4E,50,55,54,0,0,0,0,0,0,0,0,0,0,0,0,0,0,0,0,0,0,45,58,54,45,52,4E,41,4C,20,4F,55,54,50,55,54,0,0,0,0,0,0,0,0,0,1,0,0,0,0,0,0,0,47,45,4E,45,52,41,4C,20,50,55,52,50,4F,53,45,20,49,4E,50,55,54,0,0,0,2,0,0,0,0,0,0,0,47,45,4E,45,52,41,4C,20,50,55,52,50,4F,53,45,20,4F,55,54,50,55,54,0,0,3,0,0,0,0,0,0,0,53,50,45,43,49,46,49,43,20,49,4E,50,55,54,0,0,0,0,0,0,0,0,0,0,4,0,0,0,0,0,0,0,53,50,45,43,49,46,49,43,20,4F,55,54,50,55,54,0,0,0,0,0,0,0,0,0,5,0,0,0,0,0,0,0,52,49,4E,0,0,0,0,0,0,0,0,0,0,0,0,0,0,0,0,0,0,0,0,0,7,0,0,0,0,0,0,0,52,45,47,49,53,54,45,52,0,0,0,0,0,0,0,0,0,0,0,0,0,0,0,0,9,0,0,0,0,0,0,0,41,55,58,49,4C,49,41,52,59,20,52,45,4C,41,59,0,0,0,0,0,0,0,0,0,A,0,0,0,0,0,0,0,49,4E,54,45,52,4E,41,4C,20,43,4F,4E,54,52,4F,4C,20,53,54,41,54,55,53,0,B,0,0,0,0,0,0,0,50,53,45,55,44,4F,20,49,4E,50,55,54,20,53,49,47,0,0,0,0,0,0,0,0,C,0,0,0,0,0,0,0,4E,45,54,57,4F,52,4B,20,49,4E,50,55,54,0,0,0,0,0,0,0,0,0,0,0,D,0,0,0,0,0,0,0,4E,45,54,57,4F,52,4B,20,4F,55,54,50,55,54,0,0,0,0,0,0,0,0,0,0,E,0,0,0,0,0,0,0,41,4E,41,4C,4F,47,20,4F,55,54,50,55,54,0,0,0,0,0,0,0,0,0,0,0,10,0,0,0,0,0,0,0,53,56,20,50,4F,57,45,52,20,53,54,41,54,55,53,0,0,0,0,0,0,0,0,0,11,0,9C,0,0,0,0,0,4C,41,44,44,45,52,20,45,44,49,54,4F,52,0,0,0,0,0,0,0,0,0,0,0,12,0,4F,0,81,0,0,0,54,45,52,4D,49,4E,41,4C,0,0,0,0,0,0,0,0,0,0,0,0,0,0,0,0,1D,0,0,0,0,0,0,0,49,4F,20,53,49,4D,55,4C,41,54,49,4F,4E,20,4C,49,53,54,0,0,0,0,0,0,21,0,0,0,0,0,0,0,52,42,20,53,54,4F,50,20,46,41,43,54,4F,52,20,4D,4F,4E,49,54,4F,52,0,0,24,0,A0,0,0,0,0,0,55,53,45,52,20,47,52,4F,55,50,20,49,4E,50,55,54,0,0,0,0,0,0,0,0,25,0,0,0,0,0,0,0,55,53,45,52,20,47,52,4F,55,50,20,4F,55,54,50,55,54,0,0,0,0,0,0,0,26,0,0,0,0,0,0,0,3C,0,70,0,38,0,A3,0,1,0,1,0,0,0,3,0,15,0,0,0,0,0,1,0,2,0,3,0,4,0,5,0,7,0,9,0,A,0,B,0,C,0,D,0,E,0,10,0,11,0,12,0,1D,0,21,0,24,0,25,0,26,0,
2022/02/26, 10:11:40, [    1],[    2],19,0,0,0,E6,3,32,2,70,0,2E,2,A2,0,1,0,1,0,0,0,4,0,11,0,0,0,43,55,52,52,45,4E,54,20,50,4F,53,49,54,49,4F,4E,0,0,0,0,0,0,0,0,0,0,27,0,0,0,0,0,43,4F,4D,4D,41,4E,44,20,50,4F,53,49,54,49,4F,4E,0,0,0,0,0,0,0,0,1,0,28,0,0,0,0,0,57,4F,52,4B,20,48,4F,4D,45,20,50,4F,53,0,0,0,0,0,0,0,0,0,0,0,3,0,2A,0,0,0,0,0,53,45,43,4F,4E,44,20,48,4F,4D,45,20,50,4F,53,0,0,0,0,0,0,0,0,0,4,0,2B,0,0,0,0,0,50,4F,57,45,52,20,4F,4E,2F,4F,46,46,20,50,4F,53,0,0,0,0,0,0,0,0,6,0,2C,0,0,0,0,0,54,4F,4F,4C,0,0,0,0,0,0,0,0,0,0,0,0,0,0,0,0,0,0,0,0,7,0,2D,0,0,0,0,0,53,48,4F,43,4B,20,53,45,4E,53,20,4C,45,56,45,4C,0,0,0,0,0,0,0,0,A,0,2E,0,0,0,0,0,55,53,45,52,20,43,4F,4F,52,44,49,4E,41,54,45,0,0,0,0,0,0,0,0,0,B,0,2F,0,0,0,0,0,52,4F,42,4F,54,20,43,41,4C,49,42,0,0,0,0,0,0,0,0,0,0,0,0,0,E,0,32,0,0,0,0,0,4F,56,45,52,52,55,4E,26,53,2D,53,45,4E,53,4F,52,0,0,0,0,0,0,0,0,12,0,34,0,0,0,0,0,4C,49,4D,49,54,20,52,45,4C,45,41,53,45,0,0,0,0,0,0,0,0,0,0,0,13,0,35,0,0,0,0,0,53,48,49,46,54,20,56,41,4C,55,45,0,0,0,0,0,0,0,0,0,0,0,0,0,1F,0,37,0,0,0,0,0,4D,41,4E,55,41,4C,20,42,52,41,4B,45,20,52,45,4C,45,41,53,45,0,0,0,0,2C,0,A4,0,0,0,0,0,50,45,4E,44,41,4E,54,20,4F,53,43,49,4C,4C,4F,53,43,4F,50,45,0,0,0,0,2D,0,80,0,84,0,0,0,53,48,4F,43,4B,20,53,45,4E,53,20,4C,56,2E,28,43,55,52,52,45,4E,54,29,0,32,0,A7,0,0,0,0,0,52,45,47,45,4E,45,52,41,54,49,4F,4E,0,0,0,0,0,0,0,0,0,0,0,0,34,0,0,0,86,0,0,0,33,44,20,47,52,41,50,48,49,43,53,0,0,0,0,0,0,0,0,0,0,0,0,0,38,0,C9,0,49,0,0,0,34,0,70,0,30,0,A3,0,1,0,1,0,0,0,4,0,11,0,0,0,0,0,1,0,3,0,4,0,6,0,7,0,A,0,B,0,E,0,12,0,13,0,1F,0,2C,0,2D,0,32,0,34,0,38,0,52,1,70,0,4E,1,A2,0,1,0,1,0,0,0,5,0,A,0,0,0,56,45,52,53,49,4F,4E,0,0,0,0,0,0,0,0,0,0,0,0,0,0,0,0,0,0,0,38,0,0,0,0,0,4D,4F,4E,49,54,4F,52,49,4E,47,20,54,49,4D,45,0,0,0,0,0,0,0,0,0,1,0,39,0,0,0,0,0,43,4F,4E,54,52,4F,4C,4C,45,52,20,49,4E,46,4F,52,4D,41,54,49,4F,4E,0,0,2,0,AB,0,0,0,0,0,41,4C,41,52,4D,20,48,49,53,54,4F,52,59,0,0,0,0,0,0,0,0,0,0,0,5,0,3A,0,0,0,0,0,49,2F,4F,20,4D,53,47,20,48,49,53,54,4F,52,59,0,0,0,0,0,0,0,0,0,7,0,54,0,0,0,0,0,4C,4F,47,44,41,54,41,0,0,0,0,0,0,0,0,0,0,0,0,0,0,0,0,0,F,0,6D,0,0,0,0,0,55,53,45,52,20,44,45,46,49,4E,49,54,49,4F,4E,20,4D,45,4E,55,0,0,0,0,10,0,7D,0,0,0,0,0,43,50,55,20,52,45,53,45,54,0,0,0,0,0,0,0,0,0,0,0,0,0,0,0,11,0,CD,0,0,0,0,0,51,52,20,43,4F,44,45,0,0,0,0,0,0,0,0,0,0,0,0,0,0,0,0,0,14,0,AD,0,89,0,0,0,53,45,43,55,52,49,54,59,0,0,0,0,0,0,0,0,0,0,0,0,0,0,0,0,1B,0,3C,0,0,0,0,0,26,0,70,0,22,0,A3,0,1,0,1,0,0,0,5,0,A,0,0,0,0,0,1,0,2,0,5,0,7,0,F,0,10,0,11,0,14,0,1B,0,
2022/02/26, 10:11:40, [    2],[    1],1A,0,0,0,A8,3,D2,0,70,0,CE,0,A2,0,1,0,1,0,0,0,6,0,6,0,0,0,4C,4F,41,44,0,0,0,0,0,0,0,0,0,0,0,0,0,0,0,0,0,0,0,0,0,0,3D,0,0,0,0,0,53,41,56,45,0,0,0,0,0,0,0,0,0,0,0,0,0,0,0,0,0,0,0,0,1,0,3E,0,0,0,0,0,56,45,52,49,46,59,0,0,0,0,0,0,0,0,0,0,0,0,0,0,0,0,0,0,2,0,3F,0,0,0,0,0,44,45,4C,45,54,45,0,0,0,0,0,0,0,0,0,0,0,0,0,0,0,0,0,0,3,0,40,0,0,0,0,0,44,45,56,49,43,45,0,0,0,0,0,0,0,0,0,0,0,0,0,0,0,0,0,0,5,0,42,0,0,0,0,0,46,4F,4C,44,45,52,0,0,0,0,0,0,0,0,0,0,0,0,0,0,0,0,0,0,7,0,43,0,0,0,0,0,1E,0,70,0,1A,0,A3,0,1,0,1,0,0,0,6,0,6,0,0,0,0,0,1,0,2,0,3,0,5,0,7,0,92,1,70,0,8E,1,A2,0,1,0,1,0,0,0,8,0,C,0,0,0,54,45,41,43,48,49,4E,47,20,43,4F,4E,44,2E,0,0,0,0,0,0,0,0,0,0,0,0,44,0,0,0,0,0,44,49,53,50,4C,41,59,20,43,4F,4C,4F,52,20,43,4F,4E,44,2E,0,0,0,0,0,7,0,7F,0,0,0,0,0,53,45,54,20,57,4F,52,44,0,0,0,0,0,0,0,0,0,0,0,0,0,0,0,0,B,0,7E,0,0,0,0,0,52,45,53,45,52,56,45,20,4A,4F,42,20,4E,41,4D,45,0,0,0,0,0,0,0,0,C,0,47,0,0,0,0,0,55,53,45,52,20,49,44,0,0,0,0,0,0,0,0,0,0,0,0,0,0,0,0,0,D,0,49,0,0,0,0,0,53,49,4D,55,4C,54,41,4E,45,4F,55,53,20,4B,45,59,20,48,45,4C,50,0,0,0,11,0,4B,0,0,0,0,0,4A,4F,47,20,4B,45,59,20,41,4C,4C,4F,43,2E,0,0,0,0,0,0,0,0,0,0,12,0,6E,0,0,0,0,0,57,52,4F,4E,47,20,44,41,54,41,20,4C,4F,47,0,0,0,0,0,0,0,0,0,0,18,0,63,0,0,0,0,0,45,4E,45,52,47,59,20,53,41,56,49,4E,47,20,46,55,4E,43,54,49,4F,4E,0,0,19,0,6F,0,0,0,0,0,45,4E,43,4F,44,45,52,20,4D,41,49,4E,54,45,4E,41,4E,43,45,0,0,0,0,0,1A,0,AA,0,0,0,0,0,53,45,54,54,4D,20,53,45,54,55,50,0,0,0,0,0,0,0,0,0,0,0,0,0,1D,0,BC,0,0,0,0,0,53,50,45,45,44,20,4F,56,45,52,52,49,44,45,20,53,45,54,54,49,4E,47,0,0,22,0,0,0,0,0,0,0,2A,0,70,0,26,0,A3,0,1,0,1,0,0,0,8,0,C,0,0,0,0,0,7,0,B,0,C,0,D,0,11,0,12,0,18,0,19,0,1A,0,1D,0,22,0,D2,0,70,0,CE,0,A2,0,1,0,1,0,0,0,9,0,6,0,0,0,54,49,4D,45,52,20,44,45,4C,41,59,20,53,45,54,0,0,0,0,0,0,0,0,0,B,0,8F,0,0,0,0,0,53,41,46,45,54,59,20,4C,4F,47,49,43,20,43,49,52,43,55,49,54,0,0,0,0,C,0,8D,0,0,0,0,0,53,4C,43,20,53,49,47,4E,41,4C,20,44,49,53,50,4C,41,59,0,0,0,0,0,0,11,0,D1,0,0,0,0,0,53,4C,43,20,53,49,47,4E,41,4C,20,44,49,53,50,4C,41,59,20,53,45,54,0,0,12,0,D2,0,0,0,0,0,53,50,49,4E,20,43,4F,4D,4D,45,4E,54,20,53,45,54,0,0,0,0,0,0,0,0,13,0,D3,0,0,0,0,0,54,4F,54,41,4C,20,43,52,43,20,44,49,53,50,4C,41,59,0,0,0,0,0,0,0,15,0,0,0,0,0,0,0,1E,0,70,0,1A,0,A3,0,1,0,1,0,0,0,9,0,6,0,0,0,B,0,C,0,11,0,12,0,13,0,15,0,
2022/02/26, 10:11:40, [    1],[    2],1B,0,0,0,B0,1,12,1,70,0,E,1,A2,0,1,0,1,0,0,0,A,0,8,0,0,0,50,4D,28,52,45,44,55,43,45,52,29,0,0,0,0,0,0,0,0,0,0,0,0,0,0,0,95,0,0,0,0,0,49,4E,53,50,45,43,54,49,4F,4E,20,4E,4F,54,49,43,45,0,0,0,0,0,0,0,2,0,97,0,0,0,0,0,49,4E,53,50,45,43,54,49,4F,4E,20,52,45,43,4F,52,44,0,0,0,0,0,0,0,3,0,98,0,0,0,0,0,4F,50,45,52,41,54,49,4E,47,20,53,54,41,54,55,53,0,0,0,0,0,0,0,0,4,0,D5,0,8D,0,0,0,4A,4F,42,20,4D,4F,4E,49,54,4F,52,0,0,0,0,0,0,0,0,0,0,0,0,0,5,0,D6,0,0,0,0,0,53,54,45,50,20,44,49,41,47,4E,4F,53,49,53,0,0,0,0,0,0,0,0,0,0,6,0,D7,0,0,0,0,0,52,4F,42,4F,54,20,4D,4F,4E,49,54,4F,52,0,0,0,0,0,0,0,0,0,0,0,7,0,D8,0,0,0,0,0,47,41,53,20,50,52,45,53,53,20,43,48,45,43,4B,0,0,0,0,0,0,0,0,0,8,0,0,0,0,0,0,0,22,0,70,0,1E,0,A3,0,1,0,1,0,0,0,A,0,8,0,0,0,0,0,2,0,3,0,4,0,5,0,6,0,7,0,8,0,E,0,70,0,A,0,A4,0,1,0,1,0,0,0,0,0,66,0,70,0,62,0,DC,0,1,0,1,0,0,3,0,0,3,F,0,0,54,45,41,43,48,2D,4C,4F,43,4B,20,73,65,74,20,0,2,28,0,0,52,6F,62,6F,74,20,69,73,20,73,74,6F,70,70,65,64,20,62,79,20,50,2E,50,2E,20,65,6D,65,72,67,65,6E,63,79,20,73,74,6F,70,20,3,14,0,0,54,75,72,6E,20,6F,6E,20,73,65,72,76,6F,20,70,6F,77,65,72,20,
2022/02/26, 10:11:40, [    4],[    1],1C,0,0,0,98,1,16,0,61,0,0,0,0,8,0,0,0,0,0,0,0,0,0,0,0,0,0,0,0,0,6,0,62,0,1,0,0,0,22,0,5D,0,0,0,0,0,1,1,0,0,0,6,0,0,0,0,0,0,0,0,0,0,0,0,0,0,0,0,0,0,0,0,A,0,22,0,5B,0,0,1,1,0,0,0,0,16,41,4C,41,52,4D,20,20,20,20,20,20,20,20,20,20,20,4E,55,4D,3A,20,34,0,0,FE,0,5B,0,0,2,C,0,0,0,0,A,41,4C,41,52,4D,20,31,33,32,35,0,0,0,2,1,1C,43,4F,4D,4D,55,4E,49,43,41,54,49,4F,4E,20,45,52,52,4F,52,28,45,4E,43,4F,44,45,52,29,0,4,2,C,53,54,41,54,49,4F,4E,31,20,5B,31,5D,0,0,3,A,41,4C,41,52,4D,20,31,33,37,37,0,0,0,2,4,1F,45,4E,43,4F,44,45,52,20,43,41,42,4C,45,20,44,49,53,43,4F,4E,4E,45,43,54,49,4F,4E,28,53,56,29,0,0,4,5,F,52,4F,42,4F,54,31,20,5B,53,4C,55,52,42,54,5D,0,0,0,6,A,41,4C,41,52,4D,20,34,31,30,37,0,0,0,2,7,17,4F,55,54,20,4F,46,20,52,41,4E,47,45,28,41,42,53,4F,20,44,41,54,41,29,0,0,4,8,C,53,54,41,54,49,4F,4E,31,20,5B,31,5D,0,0,9,A,41,4C,41,52,4D,20,34,37,34,30,0,0,0,2,A,14,4D,2D,53,41,46,20,4F,56,45,52,52,55,4E,20,44,45,54,45,43,54,0,4,B,6,5B,52,31,53,31,5D,0,0,2E,0,5C,0,0,2,5,0,4,0,0,A,11,0,0,0,4,E,2,1,1,0,0,0,4,C,5,1,1,0,0,0,4,E,8,1,1,0,0,0,4,5,B,2,1,0,0,0,
2022/02/26, 10:11:40, [    1],[    1],1D,0,0,0,6B,0,12,0,5E,0,0,2,0,0,0,0,0,0,C,0,0,0,38,0,0,0,1A,0,52,0,0,0,0,0,3,0,C,1,0,0,1,0,0,0,F,0,0,0,0,0,0,0,0,0,A,0,53,0,1,E,0,0,0,3,0,1,6,0,5A,FF,1,0,2,4,25,0,70,0,21,0,CB,0,1,0,1,0,4,0,44,41,54,41,2C,45,44,49,54,2C,44,49,53,50,4C,41,59,2C,55,54,49,4C,49,54,59,
2022/02/26, 10:11:40, [    6],[    1],1E,0,0,0,10,0,E,0,70,0,A,0,A4,0,1,0,1,0,1,0,0,0,
2022/02/26, 10:11:41, [   13],[    1],1F,0,0,0,BA,0,20,0,70,0,1C,0,A3,0,1,0,1,0,0,0,0,0,7,0,0,0,0,0,1,0,6,0,9,0,D,0,F,0,10,0,32,0,70,0,2E,0,A2,0,1,0,1,0,0,0,5,0,1,0,0,0,41,4C,41,52,4D,0,0,0,0,0,0,0,0,0,0,0,0,0,0,0,0,0,0,0,4,0,59,0,0,0,0,0,28,0,70,0,24,0,A3,0,1,0,1,0,0,0,5,0,B,0,0,0,0,0,1,0,2,0,4,0,5,0,7,0,F,0,10,0,11,0,14,0,1B,0,28,0,70,0,24,0,A3,0,1,0,1,0,0,0,8,0,B,0,0,0,0,0,7,0,C,0,D,0,11,0,12,0,18,0,19,0,1A,0,1D,0,22,0,E,0,70,0,A,0,A4,0,1,0,1,0,0,0,0,0,
2022/02/26, 10:11:41, [   32],[    1],20,0,0,0,8,0,6,0,5A,0,FF,0,0,1,
2022/02/26, 10:11:42, [   26],[    1],21,0,0,0,EE,1,EC,1,70,0,E8,1,E6,0,1,0,1,0,50,61,6E,65,6C,20,31,0,0,0,0,0,0,0,0,0,50,61,6E,65,6C,20,32,0,0,0,0,0,0,0,0,0,50,61,6E,65,6C,20,33,0,0,0,0,0,0,0,0,0,50,61,6E,65,6C,20,34,0,0,0,0,0,0,0,0,0,50,61,6E,65,6C,20,35,0,0,0,0,0,0,0,0,0,50,61,6E,65,6C,20,36,0,0,0,0,0,0,0,0,0,50,61,6E,65,6C,20,37,0,0,0,0,0,0,0,0,0,50,61,6E,65,6C,20,38,0,0,0,0,0,0,0,0,0,50,61,6E,65,6C,20,39,0,0,0,0,0,0,0,0,0,50,61,6E,65,6C,20,31,30,0,0,0,0,0,0,0,0,50,61,6E,65,6C,20,31,31,0,0,0,0,0,0,0,0,50,61,6E,65,6C,20,31,32,0,0,0,0,0,0,0,0,50,61,6E,65,6C,20,31,33,0,0,0,0,0,0,0,0,50,61,6E,65,6C,20,31,34,0,0,0,0,0,0,0,0,50,61,6E,65,6C,20,31,35,0,0,0,0,0,0,0,0,50,61,6E,65,6C,20,31,0,0,0,0,0,0,0,0,0,50,61,6E,65,6C,20,32,0,0,0,0,0,0,0,0,0,50,61,6E,65,6C,20,33,0,0,0,0,0,0,0,0,0,50,61,6E,65,6C,20,34,0,0,0,0,0,0,0,0,0,50,61,6E,65,6C,20,35,0,0,0,0,0,0,0,0,0,50,61,6E,65,6C,20,36,0,0,0,0,0,0,0,0,0,50,61,6E,65,6C,20,37,0,0,0,0,0,0,0,0,0,50,61,6E,65,6C,20,38,0,0,0,0,0,0,0,0,0,50,61,6E,65,6C,20,39,0,0,0,0,0,0,0,0,0,50,61,6E,65,6C,20,31,30,0,0,0,0,0,0,0,0,50,61,6E,65,6C,20,31,31,0,0,0,0,0,0,0,0,50,61,6E,65,6C,20,31,32,0,0,0,0,0,0,0,0,50,61,6E,65,6C,20,31,33,0,0,0,0,0,0,0,0,50,61,6E,65,6C,20,31,34,0,0,0,0,0,0,0,0,50,61,6E,65,6C,20,31,35,0,0,0,0,0,0,0,0,0,0,
2022/02/26, 10:11:42, [    1],[    1],22,0,0,0,66,0,64,0,70,0,60,0,F1,0,1,0,1,0,0,1,0,0,8,4,0,0,1,C,0,0,0,0,0,0,4F,50,45,52,41,54,49,4F,4E,0,0,0,50,52,4F,48,20,20,50,45,52,4D,0,0,0,0,0,0,0,0,0,0,0,0,0,0,4F,50,45,52,41,54,49,4F,4E,0,0,0,50,52,4F,48,20,20,50,45,52,4D,0,0,0,0,0,0,0,0,0,0,0,0,0,0,0,0,
2022/02/26, 10:11:42, [    9],[    1],23,0,0,0,AA,0,4A,0,70,0,46,0,D1,0,1,0,1,0,1,0,1,0,1,0,1,0,1,0,1,0,1,0,1,0,1,0,1,0,1,0,1,0,0,0,0,0,0,0,0,0,0,0,0,0,1,0,1,0,1,0,0,0,0,0,0,0,2,0,2,0,0,0,0,0,FF,FF,FF,FF,FF,FF,FF,FF,5C,0,70,0,58,0,E2,0,1,0,1,0,4,0,0,0,2C,0,0,0,0,0,0,0,0,0,0,0,0,0,0,0,0,0,1,0,2D,0,0,0,0,0,0,0,0,0,0,0,0,0,0,0,0,0,2,0,2E,0,52,45,53,45,54,0,0,0,0,0,0,0,0,0,0,0,3,0,2F,0,0,0,0,0,0,0,0,0,0,0,0,0,0,0,0,0,
2022/02/26, 10:11:43, [   28],[    1],24,0,0,0,54,0,52,0,70,0,4E,0,DC,0,1,0,1,0,0,2,0,0,2,28,0,0,52,6F,62,6F,74,20,69,73,20,73,74,6F,70,70,65,64,20,62,79,20,50,2E,50,2E,20,65,6D,65,72,67,65,6E,63,79,20,73,74,6F,70,20,3,14,0,0,54,75,72,6E,20,6F,6E,20,73,65,72,76,6F,20,70,6F,77,65,72,20,
2022/02/26, 10:11:44, [   58],[    1],25,0,0,0,4C,0,4A,0,70,0,46,0,D1,0,1,0,1,0,0,0,0,0,0,0,0,0,0,0,0,0,0,0,0,0,1,0,0,0,0,0,0,0,0,0,0,0,0,0,0,0,0,0,0,0,1,0,1,0,1,0,0,0,0,0,0,0,0,0,2,0,0,0,0,0,FF,FF,FF,FF,FF,FF,FF,FF,
2022/02/26, 10:24:18, [30132],[    1],26,0,0,0,10,0,6,0,65,0,2,0,0,0,6,0,5A,FF,1,0,2,4,
2022/02/26, 10:24:18, [    1],[    1],27,0,0,0,54,0,6,0,5A,0,1,0,2,4,22,0,5B,0,0,1,1,0,1,0,0,16,41,4C,41,52,4D,20,20,20,20,20,20,20,20,20,20,20,4E,55,4D,3A,20,39,0,0,1A,0,52,0,0,0,0,0,1,0,C,0,0,0,1,0,0,0,F,0,0,0,0,0,0,0,0,0,A,0,53,0,1,E,0,0,0,1,0,1,
2022/02/26, 10:24:18, [    1],[    1],28,0,0,0,8,0,6,0,5A,0,1,0,2,4,
2022/02/26, 10:24:18, [    5],[    1],29,0,0,0,4C,0,4A,0,70,0,46,0,D1,0,1,0,1,0,0,0,0,0,0,0,0,0,0,0,0,0,0,0,0,0,1,0,0,0,0,0,0,0,0,0,0,0,0,0,0,0,0,0,0,0,1,0,1,0,1,0,0,0,0,0,0,0,2,0,2,0,0,0,0,0,FF,FF,FF,FF,FF,FF,FF,FF,
2022/02/26, 10:24:18, [    6],[    1],2A,0,0,0,8,0,6,0,5A,0,1,0,2,4,
2022/02/26, 10:24:18, [    1],[    1],2B,0,0,0,4C,0,22,0,5B,0,0,1,1,0,1,0,0,17,41,4C,41,52,4D,20,20,20,20,20,20,20,20,20,20,20,4E,55,4D,3A,20,31,30,0,1A,0,52,0,0,0,0,0,1,0,C,0,0,0,1,0,0,0,F,0,0,0,0,0,0,0,0,0,A,0,53,0,1,E,0,0,0,1,0,1,
2022/02/26, 10:24:21, [  118],[    1],2C,0,0,0,4C,0,4A,0,70,0,46,0,D1,0,1,0,1,0,0,0,0,0,0,0,0,0,0,0,0,0,0,0,0,0,1,0,0,0,0,0,0,0,0,0,0,0,0,0,0,0,0,0,0,0,1,0,1,0,1,0,0,0,0,0,0,0,0,0,2,0,0,0,0,0,FF,FF,FF,FF,FF,FF,FF,FF,
2022/02/26, 10:31:38, [17475],[    1],2D,0,0,0,8,0,6,0,5A,0,1,0,2,4,
2022/02/26, 10:31:38, [    1],[    1],2E,0,0,0,D4,0,12,0,5B,0,0,1,1,0,1,0,0,8,4A,4F,42,20,4C,49,53,54,72,0,5B,0,0,2,C,0,5,2,0,6,5B,4E,4F,4E,45,5D,0,0,1,5,1,C,52,32,31,5F,73,65,5F,4F,50,31,35,30,5,0,2,0,0,0,0,0,1,0,3,0,0,0,0,0,1,0,4,0,0,0,0,0,5,0,5,0,0,0,0,0,1,0,6,0,0,0,0,0,1,0,7,0,0,0,0,0,5,0,8,0,0,0,0,0,1,0,9,0,0,0,0,0,1,0,A,0,0,0,0,0,5,0,B,0,0,0,0,0,E,0,5C,0,0,2,1,0,4,2,0,23,11,0,0,0,12,0,5E,0,0,2,0,0,0,0,0,0,2,0,0,0,38,0,0,0,1A,0,52,0,0,0,0,0,3,0,C,1,0,0,2,0,0,0,E,0,0,0,0,0,0,0,0,0,A,0,53,0,1,E,0,0,0,3,0,1,
2022/02/26, 10:31:38, [    1],[    1],2F,0,0,0,8,0,6,0,5A,0,1,0,2,4,
2022/02/26, 10:31:38, [    6],[    1],30,0,0,0,5E,0,5C,0,70,0,58,0,E2,0,1,0,1,0,4,0,0,0,2C,0,0,0,0,0,0,0,0,0,0,0,0,0,0,0,0,0,1,0,2D,0,0,0,0,0,0,0,0,0,0,0,0,0,0,0,0,0,2,0,2E,0,0,0,0,0,0,0,0,0,0,0,0,0,0,0,0,0,3,0,2F,0,0,0,0,0,0,0,0,0,0,0,0,0,0,0,0,0,
2022/02/26, 10:31:38, [    1],[    1],31,0,0,0,26,0,24,0,70,0,20,0,CB,0,1,0,1,0,4,0,4A,4F,42,2C,45,44,49,54,2C,44,49,53,50,4C,41,59,2C,55,54,49,4C,49,54,59,
2022/02/26, 11:25:02, [65535],[    1],32,0,0,0,8,0,6,0,65,0,2,0,0,0,
2022/02/26, 11:25:02, [    1],[    1],33,0,0,0,90,1,22,0,5B,0,0,1,1,0,1,0,0,17,41,4C,41,52,4D,20,20,20,20,20,20,20,20,20,20,20,4E,55,4D,3A,20,31,31,0,FE,0,5B,0,0,2,C,0,5,0,0,A,41,4C,41,52,4D,20,31,33,32,35,0,0,1,2,1,1C,43,4F,4D,4D,55,4E,49,43,41,54,49,4F,4E,20,45,52,52,4F,52,28,45,4E,43,4F,44,45,52,29,0,4,2,C,53,54,41,54,49,4F,4E,31,20,5B,31,5D,0,0,3,A,41,4C,41,52,4D,20,31,33,37,37,0,0,0,2,4,1F,45,4E,43,4F,44,45,52,20,43,41,42,4C,45,20,44,49,53,43,4F,4E,4E,45,43,54,49,4F,4E,28,53,56,29,0,0,4,5,F,52,4F,42,4F,54,31,20,5B,53,4C,55,52,42,54,5D,0,0,0,6,A,41,4C,41,52,4D,20,34,31,30,37,0,0,0,2,7,17,4F,55,54,20,4F,46,20,52,41,4E,47,45,28,41,42,53,4F,20,44,41,54,41,29,0,0,4,8,C,53,54,41,54,49,4F,4E,31,20,5B,31,5D,0,0,9,A,41,4C,41,52,4D,20,34,37,34,30,0,0,0,2,A,14,4D,2D,53,41,46,20,4F,56,45,52,52,55,4E,20,44,45,54,45,43,54,0,4,B,6,5B,52,31,53,31,5D,0,0,2E,0,5C,0,0,2,5,0,4,0,0,A,11,0,0,0,4,E,2,1,1,0,0,0,4,C,5,1,1,0,0,0,4,E,8,1,1,0,0,0,4,5,B,2,1,0,0,0,12,0,5E,0,0,2,0,0,0,0,0,0,C,0,0,0,38,0,0,0,1A,0,52,0,0,0,0,0,3,0,C,1,0,0,1,0,0,0,F,0,0,0,0,0,0,0,0,0,A,0,53,0,1,E,0,0,0,3,0,1,
2022/02/26, 11:25:02, [    1],[    1],34,0,0,0,8,0,6,0,5A,0,1,0,2,4,
2022/02/26, 11:25:02, [    6],[    1],35,0,0,0,27,0,25,0,70,0,21,0,CB,0,1,0,1,0,4,0,44,41,54,41,2C,45,44,49,54,2C,44,49,53,50,4C,41,59,2C,55,54,49,4C,49,54,59,
2022/02/26, 11:25:02, [    1],[    1],36,0,0,0,AA,0,4A,0,70,0,46,0,D1,0,1,0,1,0,0,0,0,0,0,0,0,0,0,0,0,0,0,0,0,0,1,0,0,0,0,0,0,0,0,0,0,0,0,0,0,0,0,0,0,0,1,0,1,0,1,0,0,0,0,0,0,0,2,0,2,0,0,0,0,0,FF,FF,FF,FF,FF,FF,FF,FF,5C,0,70,0,58,0,E2,0,1,0,1,0,4,0,0,0,2C,0,0,0,0,0,0,0,0,0,0,0,0,0,0,0,0,0,1,0,2D,0,0,0,0,0,0,0,0,0,0,0,0,0,0,0,0,0,2,0,2E,0,52,45,53,45,54,0,0,0,0,0,0,0,0,0,0,0,3,0,2F,0,0,0,0,0,0,0,0,0,0,0,0,0,0,0,0,0,
2022/02/26, 11:25:05, [  102],[    1],37,0,0,0,4C,0,4A,0,70,0,46,0,D1,0,1,0,1,0,0,0,0,0,0,0,0,0,0,0,0,0,0,0,0,0,1,0,0,0,0,0,0,0,0,0,0,0,0,0,0,0,0,0,0,0,1,0,1,0,1,0,0,0,0,0,0,0,0,0,2,0,0,0,0,0,FF,FF,FF,FF,FF,FF,FF,FF,
2022/02/26, 11:25:55, [ 2022],[    1],38,0,0,0,8,0,6,0,65,0,2,0,0,0,
2022/02/26, 11:25:55, [    1],[    1],39,0,0,0,10,0,6,0,5A,0,1,0,2,4,6,0,5A,0,1,0,2,4,
2022/02/26, 11:25:56, [    1],[    1],3A,0,0,0,A0,0,4A,0,70,0,46,0,D1,0,1,0,1,0,0,0,0,0,0,0,0,0,0,0,0,0,0,0,0,0,1,0,0,0,0,0,0,0,0,0,0,0,0,0,0,0,0,0,0,0,1,0,1,0,1,0,0,0,0,0,0,0,2,0,2,0,0,0,0,0,FF,FF,FF,FF,FF,FF,FF,FF,6,0,5A,0,1,0,2,4,22,0,5B,0,0,1,1,0,1,0,0,17,41,4C,41,52,4D,20,20,20,20,20,20,20,20,20,20,20,4E,55,4D,3A,20,31,34,0,1A,0,52,0,0,0,0,0,1,0,C,0,0,0,1,0,0,0,F,0,0,0,0,0,0,0,0,0,A,0,53,0,1,E,0,0,0,1,0,1,
2022/02/26, 11:26:00, [  171],[    1],3B,0,0,0,4C,0,4A,0,70,0,46,0,D1,0,1,0,1,0,0,0,0,0,0,0,0,0,0,0,0,0,0,0,0,0,1,0,0,0,0,0,0,0,0,0,0,0,0,0,0,0,0,0,0,0,1,0,1,0,1,0,0,0,0,0,0,0,0,0,2,0,0,0,0,0,FF,FF,FF,FF,FF,FF,FF,FF,
2022/02/26, 11:50:12, [58111],[    1],3C,0,0,0,3C,0,12,0,5E,0,0,2,0,0,0,0,0,0,5,0,0,0,38,0,0,0,1A,0,52,0,0,83,0,0,3,0,C,0,0,0,1,0,0,0,5,0,0,0,0,0,0,0,0,0,A,0,53,0,1,E,0,0,0,3,0,1,
0000/00/00, 00:00:00, [  251],[    0],0,0,0,0,0,0,
0000/00/00, 00:00:00, [    0],[    0],0,0,0,0,0,0,
0000/00/00, 00:00:00, [    0],[    0],0,0,0,0,0,0,
0000/00/00, 00:00:00, [    0],[    0],0,0,0,0,0,0,
0000/00/00, 00:00:00, [    0],[    0],0,0,0,0,0,0,
0000/00/00, 00:00:00, [    0],[    0],0,0,0,0,0,0,
0000/00/00, 00:00:00, [    0],[    0],0,0,0,0,0,0,
0000/00/00, 00:00:00, [    0],[    0],0,0,0,0,0,0,
0000/00/00, 00:00:00, [    0],[    0],0,0,0,0,0,0,
0000/00/00, 00:00:00, [    0],[    0],0,0,0,0,0,0,
0000/00/00, 00:00:00, [    0],[    0],0,0,0,0,0,0,
0000/00/00, 00:00:00, [    0],[    0],0,0,0,0,0,0,
0000/00/00, 00:00:00, [    0],[    0],0,0,0,0,0,0,
0000/00/00, 00:00:00, [    0],[    0],0,0,0,0,0,0,
0000/00/00, 00:00:00, [    0],[    0],0,0,0,0,0,0,
0000/00/00, 00:00:00, [    0],[    0],0,0,0,0,0,0,
0000/00/00, 00:00:00, [    0],[    0],0,0,0,0,0,0,
0000/00/00, 00:00:00, [    0],[    0],0,0,0,0,0,0,
0000/00/00, 00:00:00, [    0],[    0],0,0,0,0,0,0,
0000/00/00, 00:00:00, [    0],[    0],0,0,0,0,0,0,
0000/00/00, 00:00:00, [    0],[    0],0,0,0,0,0,0,
0000/00/00, 00:00:00, [    0],[    0],0,0,0,0,0,0,
0000/00/00, 00:00:00, [    0],[    0],0,0,0,0,0,0,
0000/00/00, 00:00:00, [    0],[    0],0,0,0,0,0,0,
0000/00/00, 00:00:00, [    0],[    0],0,0,0,0,0,0,
0000/00/00, 00:00:00, [    0],[    0],0,0,0,0,0,0,
0000/00/00, 00:00:00, [    0],[    0],0,0,0,0,0,0,
0000/00/00, 00:00:00, [    0],[    0],0,0,0,0,0,0,
0000/00/00, 00:00:00, [    0],[    0],0,0,0,0,0,0,
0000/00/00, 00:00:00, [    0],[    0],0,0,0,0,0,0,
0000/00/00, 00:00:00, [    0],[    0],0,0,0,0,0,0,
0000/00/00, 00:00:00, [    0],[    0],0,0,0,0,0,0,
0000/00/00, 00:00:00, [    0],[    0],0,0,0,0,0,0,
0000/00/00, 00:00:00, [    0],[    0],0,0,0,0,0,0,
0000/00/00, 00:00:00, [    0],[    0],0,0,0,0,0,0,
0000/00/00, 00:00:00, [    0],[    0],0,0,0,0,0,0,
0000/00/00, 00:00:00, [    0],[    0],0,0,0,0,0,0,
0000/00/00, 00:00:00, [    0],[    0],0,0,0,0,0,0,
0000/00/00, 00:00:00, [    0],[    0],0,0,0,0,0,0,
0000/00/00, 00:00:00, [    0],[    0],0,0,0,0,0,0,
