//SGCLARNC 1
1
5.000,5.000
0.000,0.000
0.000
//SGCLARNC 2
1
10.000,10.000
10.000,10.000
0.000
//SGCLARNC 3
1
10.000,10.000
10.000,10.000
0.000
//SGCLARNC 4
1
10.000,10.000
10.000,10.000
0.000
//SGCLARNC 5
1
10.000,10.000
10.000,10.000
0.000
//SGCLARNC 6
1
10.000,10.000
10.000,10.000
0.000
//SGCLARNC 7
1
10.000,10.000
10.000,10.000
0.000
//SGCLARNC 8
1
10.000,10.000
10.000,10.000
0.000
//SGCLARNC 9
1
10.000,10.000
10.000,10.000
0.000
//SGCLARNC 10
1
10.000,10.000
10.000,10.000
0.000
//SGCLARNC 11
1
10.000,10.000
10.000,10.000
0.000
//SGCLARNC 12
1
10.000,10.000
10.000,10.000
0.000
//SGCLARNC 13
1
10.000,10.000
10.000,10.000
0.000
//SGCLARNC 14
1
10.000,10.000
10.000,10.000
0.000
//SGCLARNC 15
1
10.000,10.000
10.000,10.000
0.000
//SGCLARNC 16
1
10.000,10.000
10.000,10.000
0.000
//SGCLARNC 17
1
10.000,10.000
10.000,10.000
0.000
//SGCLARNC 18
1
10.000,10.000
10.000,10.000
0.000
//SGCLARNC 19
1
10.000,10.000
10.000,10.000
0.000
//SGCLARNC 20
1
10.000,10.000
10.000,10.000
0.000
//SGCLARNC 21
1
10.000,10.000
10.000,10.000
0.000
//SGCLARNC 22
1
10.000,10.000
10.000,10.000
0.000
//SGCLARNC 23
1
10.000,10.000
10.000,10.000
0.000
//SGCLARNC 24
1
10.000,10.000
10.000,10.000
0.000
//SGCLARNC 25
1
10.000,10.000
10.000,10.000
0.000
//SGCLARNC 26
1
10.000,10.000
10.000,10.000
0.000
//SGCLARNC 27
1
10.000,10.000
10.000,10.000
0.000
//SGCLARNC 28
1
10.000,10.000
10.000,10.000
0.000
//SGCLARNC 29
1
10.000,10.000
10.000,10.000
0.000
//SGCLARNC 30
1
10.000,10.000
10.000,10.000
0.000
//SGCLARNC 31
1
10.000,10.000
10.000,10.000
0.000
//SGCLARNC 32
1
10.000,10.000
10.000,10.000
0.000
