//SGDTL 1
100.00
5
3
5
61.2,80
0.0,0.0
1,0
102.0,0
0.000
//SGDTL 2
100.00
5
3
5
61.2,80
0.0,0.0
1,0
102.0,0
0.000
//SGDTL 3
100.00
5
3
5
61.2,80
0.0,0.0
1,0
102.0,0
0.000
//SGDTL 4
100.00
5
3
5
61.2,80
0.0,0.0
1,0
102.0,0
0.000
//SGDTL 5
100.00
5
3
5
61.2,80
0.0,0.0
1,0
102.0,0
0.000
//SGDTL 6
100.00
5
3
5
61.2,80
0.0,0.0
1,0
102.0,0
0.000
//SGDTL 7
100.00
5
3
5
61.2,80
0.0,0.0
1,0
102.0,0
0.000
//SGDTL 8
100.00
5
3
5
61.2,80
0.0,0.0
1,0
102.0,0
0.000
//SGDTL 9
100.00
5
3
5
61.2,80
0.0,0.0
1,0
102.0,0
0.000
//SGDTL 10
100.00
5
3
5
61.2,80
0.0,0.0
1,0
102.0,0
0.000
//SGDTL 11
100.00
5
3
5
61.2,80
0.0,0.0
1,0
102.0,0
0.000
//SGDTL 12
100.00
5
3
5
61.2,80
0.0,0.0
1,0
102.0,0
0.000
