//SGSPTMNG 1
0,0
0
0.000,0
0.000,0
0
0
0
5
102.0
50
0.000
1
1
0.000
//SGSPTMNG 2
0,0
0
0.000,0
0.000,0
0
0
0
5
102.0
50
0.000
1
1
0.000
//SGSPTMNG 3
0,0
0
0.000,0
0.000,0
0
0
0
5
102.0
50
0.000
1
1
0.000
//SGSPTMNG 4
0,0
0
0.000,0
0.000,0
0
0
0
5
102.0
50
0.000
1
1
0.000
//SGSPTMNG 5
0,0
0
0.000,0
0.000,0
0
0
0
5
102.0
50
0.000
1
1
0.000
//SGSPTMNG 6
0,0
0
0.000,0
0.000,0
0
0
0
5
102.0
50
0.000
1
1
0.000
//SGSPTMNG 7
0,0
0
0.000,0
0.000,0
0
0
0
5
102.0
50
0.000
1
1
0.000
//SGSPTMNG 8
0,0
0
0.000,0
0.000,0
0
0
0
5
102.0
50
0.000
1
1
0.000
//SGSPTMNG 9
0,0
0
0.000,0
0.000,0
0
0
0
5
102.0
50
0.000
1
1
0.000
//SGSPTMNG 10
0,0
0
0.000,0
0.000,0
0
0
0
5
102.0
50
0.000
1
1
0.000
//SGSPTMNG 11
0,0
0
0.000,0
0.000,0
0
0
0
5
102.0
50
0.000
1
1
0.000
//SGSPTMNG 12
0,0
0
0.000,0
0.000,0
0
0
0
5
102.0
50
0.000
1
1
0.000
