//SGSPEC 1
1
1
1
-1
1868,5.0,13.6,51.0
3737,10.0,27.2,102.0
7474,20.0,40.8,153.0
11211,30.0,54.4,204.0
14948,40.0,68.1,255.1
18686,50.0,81.7,306.1
28029,75.0,95.3,357.1
37372,100.0,109.0,408.1
56058,150.0,122.6,459.1
61664,165.0,136.2,510.2
0,0.0,149.8,561.2
0,0.0,163.5,612.2
612.2,0.0
0.000,0.000,0.000
0.000
0
0,1
50,70
//SGSPEC 2
0
0
1
1
0,0.0,0.0,0.0
0,0.0,0.0,0.0
0,0.0,0.0,0.0
0,0.0,0.0,0.0
0,0.0,0.0,0.0
0,0.0,0.0,0.0
0,0.0,0.0,0.0
0,0.0,0.0,0.0
0,0.0,0.0,0.0
0,0.0,0.0,0.0
0,0.0,0.0,0.0
0,0.0,0.0,0.0
0.0,0.0
0.000,0.000,0.000
0.000
0
0,1
50,70
//SGSPEC 3
0
0
1
1
0,0.0,0.0,0.0
0,0.0,0.0,0.0
0,0.0,0.0,0.0
0,0.0,0.0,0.0
0,0.0,0.0,0.0
0,0.0,0.0,0.0
0,0.0,0.0,0.0
0,0.0,0.0,0.0
0,0.0,0.0,0.0
0,0.0,0.0,0.0
0,0.0,0.0,0.0
0,0.0,0.0,0.0
0.0,0.0
0.000,0.000,0.000
0.000
0
0,1
50,70
//SGSPEC 4
0
0
1
1
0,0.0,0.0,0.0
0,0.0,0.0,0.0
0,0.0,0.0,0.0
0,0.0,0.0,0.0
0,0.0,0.0,0.0
0,0.0,0.0,0.0
0,0.0,0.0,0.0
0,0.0,0.0,0.0
0,0.0,0.0,0.0
0,0.0,0.0,0.0
0,0.0,0.0,0.0
0,0.0,0.0,0.0
0.0,0.0
0.000,0.000,0.000
0.000
0
0,1
50,70
//SGSPEC 5
0
0
1
1
0,0.0,0.0,0.0
0,0.0,0.0,0.0
0,0.0,0.0,0.0
0,0.0,0.0,0.0
0,0.0,0.0,0.0
0,0.0,0.0,0.0
0,0.0,0.0,0.0
0,0.0,0.0,0.0
0,0.0,0.0,0.0
0,0.0,0.0,0.0
0,0.0,0.0,0.0
0,0.0,0.0,0.0
0.0,0.0
0.000,0.000,0.000
0.000
0
0,1
50,70
//SGSPEC 6
0
0
1
1
0,0.0,0.0,0.0
0,0.0,0.0,0.0
0,0.0,0.0,0.0
0,0.0,0.0,0.0
0,0.0,0.0,0.0
0,0.0,0.0,0.0
0,0.0,0.0,0.0
0,0.0,0.0,0.0
0,0.0,0.0,0.0
0,0.0,0.0,0.0
0,0.0,0.0,0.0
0,0.0,0.0,0.0
0.0,0.0
0.000,0.000,0.000
0.000
0
0,1
50,70
//SGSPEC 7
0
0
1
1
0,0.0,0.0,0.0
0,0.0,0.0,0.0
0,0.0,0.0,0.0
0,0.0,0.0,0.0
0,0.0,0.0,0.0
0,0.0,0.0,0.0
0,0.0,0.0,0.0
0,0.0,0.0,0.0
0,0.0,0.0,0.0
0,0.0,0.0,0.0
0,0.0,0.0,0.0
0,0.0,0.0,0.0
0.0,0.0
0.000,0.000,0.000
0.000
0
0,1
50,70
//SGSPEC 8
0
0
1
1
0,0.0,0.0,0.0
0,0.0,0.0,0.0
0,0.0,0.0,0.0
0,0.0,0.0,0.0
0,0.0,0.0,0.0
0,0.0,0.0,0.0
0,0.0,0.0,0.0
0,0.0,0.0,0.0
0,0.0,0.0,0.0
0,0.0,0.0,0.0
0,0.0,0.0,0.0
0,0.0,0.0,0.0
0.0,0.0
0.000,0.000,0.000
0.000
0
0,1
50,70
//SGSPEC 9
0
0
1
1
0,0.0,0.0,0.0
0,0.0,0.0,0.0
0,0.0,0.0,0.0
0,0.0,0.0,0.0
0,0.0,0.0,0.0
0,0.0,0.0,0.0
0,0.0,0.0,0.0
0,0.0,0.0,0.0
0,0.0,0.0,0.0
0,0.0,0.0,0.0
0,0.0,0.0,0.0
0,0.0,0.0,0.0
0.0,0.0
0.000,0.000,0.000
0.000
0
0,1
50,70
//SGSPEC 10
0
0
1
1
0,0.0,0.0,0.0
0,0.0,0.0,0.0
0,0.0,0.0,0.0
0,0.0,0.0,0.0
0,0.0,0.0,0.0
0,0.0,0.0,0.0
0,0.0,0.0,0.0
0,0.0,0.0,0.0
0,0.0,0.0,0.0
0,0.0,0.0,0.0
0,0.0,0.0,0.0
0,0.0,0.0,0.0
0.0,0.0
0.000,0.000,0.000
0.000
0
0,1
50,70
//SGSPEC 11
0
0
1
1
0,0.0,0.0,0.0
0,0.0,0.0,0.0
0,0.0,0.0,0.0
0,0.0,0.0,0.0
0,0.0,0.0,0.0
0,0.0,0.0,0.0
0,0.0,0.0,0.0
0,0.0,0.0,0.0
0,0.0,0.0,0.0
0,0.0,0.0,0.0
0,0.0,0.0,0.0
0,0.0,0.0,0.0
0.0,0.0
0.000,0.000,0.000
0.000
0
0,1
50,70
//SGSPEC 12
0
0
1
1
0,0.0,0.0,0.0
0,0.0,0.0,0.0
0,0.0,0.0,0.0
0,0.0,0.0,0.0
0,0.0,0.0,0.0
0,0.0,0.0,0.0
0,0.0,0.0,0.0
0,0.0,0.0,0.0
0,0.0,0.0,0.0
0,0.0,0.0,0.0
0,0.0,0.0,0.0
0,0.0,0.0,0.0
0.0,0.0
0.000,0.000,0.000
0.000
0
0,1
50,70
