//SGTIPMNG 1
0.00,0
0.00,0
0,0,0
0,0,0
0
//SGTIPMNG 2
0.00,0
0.00,0
0,0,0
0,0,0
0
//SGTIPMNG 3
0.00,0
0.00,0
0,0,0
0,0,0
0
//SGTIPMNG 4
0.00,0
0.00,0
0,0,0
0,0,0
0
//SGTIPMNG 5
0.00,0
0.00,0
0,0,0
0,0,0
0
//SGTIPMNG 6
0.00,0
0.00,0
0,0,0
0,0,0
0
//SGTIPMNG 7
0.00,0
0.00,0
0,0,0
0,0,0
0
//SGTIPMNG 8
0.00,0
0.00,0
0,0,0
0,0,0
0
//SGTIPMNG 9
0.00,0
0.00,0
0,0,0
0,0,0
0
//SGTIPMNG 10
0.00,0
0.00,0
0,0,0
0,0,0
0
//SGTIPMNG 11
0.00,0
0.00,0
0,0,0
0,0,0
0
//SGTIPMNG 12
0.00,0
0.00,0
0,0,0
0,0,0
0
//SGTIPMNG 13
0.00,0
0.00,0
0,0,0
0,0,0
0
//SGTIPMNG 14
0.00,0
0.00,0
0,0,0
0,0,0
0
//SGTIPMNG 15
0.00,0
0.00,0
0,0,0
0,0,0
0
//SGTIPMNG 16
0.00,0
0.00,0
0,0,0
0,0,0
0
