//SGUNAUTO 1
///COMMENT 1
1
15556,18880
12,1032,14,4063,65
11093,6,9,6000,12651,0,0,0,0,0,0
//SGUNAUTO 2
///COMMENT
0
0,0
10,1500,10,5000,100
0,0,0,0,0,0,0,0,0,0,0
//SGUNAUTO 3
///COMMENT
0
0,0
10,1500,10,5000,100
0,0,0,0,0,0,0,0,0,0,0
//SGUNAUTO 4
///COMMENT
0
0,0
10,1500,10,5000,100
0,0,0,0,0,0,0,0,0,0,0
//SGUNAUTO 5
///COMMENT
0
0,0
10,1500,10,5000,100
0,0,0,0,0,0,0,0,0,0,0
//SGUNAUTO 6
///COMMENT
0
0,0
10,1500,10,5000,100
0,0,0,0,0,0,0,0,0,0,0
//SGUNAUTO 7
///COMMENT
0
0,0
10,1500,10,5000,100
0,0,0,0,0,0,0,0,0,0,0
//SGUNAUTO 8
///COMMENT
0
0,0
10,1500,10,5000,100
0,0,0,0,0,0,0,0,0,0,0
//SGUNAUTO 9
///COMMENT
0
0,0
10,1500,10,5000,100
0,0,0,0,0,0,0,0,0,0,0
//SGUNAUTO 10
///COMMENT
0
0,0
10,1500,10,5000,100
0,0,0,0,0,0,0,0,0,0,0
//SGUNAUTO 11
///COMMENT
0
0,0
10,1500,10,5000,100
0,0,0,0,0,0,0,0,0,0,0
//SGUNAUTO 12
///COMMENT
0
0,0
10,1500,10,5000,100
0,0,0,0,0,0,0,0,0,0,0
