//SPOTWELD 1
1,0,1,0,0,0,0,0,0,3
1,5,0,0,0,0,128,0,0,0
0,0,0,0,0,0,0,0,0,0
0,34,5,32,16,0,0,37,1,0
0,48,0,0,0,0,0,0,0,0
0,0,0,0,0,0,0,0,5,16
19,22,32,5,0,32,0,32,0,32
0,32,0,32,0
//SPOTWELD 2
1,0,1,0,0,0,0,0,0,3
1,5,0,0,0,0,128,0,0,0
0,0,0,0,0,0,0,0,0,0
0,34,5,32,16,0,0,37,1,0
0,48,0,0,0,0,0,0,0,0
0,0,0,0,0,0,0,0,5,16
19,22,32,5,0,32,0,32,0,32
0,32,0,32,0
//SPOTWELD 3
1,0,1,0,0,0,0,0,0,3
1,5,0,0,0,0,128,0,0,0
0,0,0,0,0,0,0,0,0,0
0,34,5,32,16,0,0,37,1,0
0,48,0,0,0,0,0,0,0,0
0,0,0,0,0,0,0,0,5,16
19,22,32,5,0,32,0,32,0,32
0,32,0,32,0
//SPOTWELD 4
1,0,1,0,0,0,0,0,0,3
1,5,0,0,0,0,128,0,0,0
0,0,0,0,0,0,0,0,0,0
0,34,5,32,16,0,0,37,1,0
0,48,0,0,0,0,0,0,0,0
0,0,0,0,0,0,0,0,5,16
19,22,32,5,0,32,0,32,0,32
0,32,0,32,0
//SPOTWELD 5
1,0,1,0,0,0,0,0,0,3
1,5,0,0,0,0,128,0,0,0
0,0,0,0,0,0,0,0,0,0
0,34,5,32,16,0,0,37,1,0
0,48,0,0,0,0,0,0,0,0
0,0,0,0,0,0,0,0,5,16
19,22,32,5,0,32,0,32,0,32
0,32,0,32,0
//SPOTWELD 6
1,0,1,0,0,0,0,0,0,3
1,5,0,0,0,0,128,0,0,0
0,0,0,0,0,0,0,0,0,0
0,34,5,32,16,0,0,37,1,0
0,48,0,0,0,0,0,0,0,0
0,0,0,0,0,0,0,0,5,16
19,22,32,5,0,32,0,32,0,32
0,32,0,32,0
//SPOTWELD 7
1,0,1,0,0,0,0,0,0,3
1,5,0,0,0,0,128,0,0,0
0,0,0,0,0,0,0,0,0,0
0,34,5,32,16,0,0,37,1,0
0,48,0,0,0,0,0,0,0,0
0,0,0,0,0,0,0,0,5,16
19,22,32,5,0,32,0,32,0,32
0,32,0,32,0
//SPOTWELD 8
1,0,1,0,0,0,0,0,0,3
1,5,0,0,0,0,128,0,0,0
0,0,0,0,0,0,0,0,0,0
0,34,5,32,16,0,0,37,1,0
0,48,0,0,0,0,0,0,0,0
0,0,0,0,0,0,0,0,5,16
19,22,32,5,0,32,0,32,0,32
0,32,0,32,0
//SPOTWELD 9
1,0,1,0,0,0,0,0,0,3
1,5,0,0,0,0,128,0,0,0
0,0,0,0,0,0,0,0,0,0
0,34,5,32,16,0,0,37,1,0
0,48,0,0,0,0,0,0,0,0
0,0,0,0,0,0,0,0,5,16
19,22,32,5,0,32,0,32,0,32
0,32,0,32,0
//SPOTWELD 10
1,0,1,0,0,0,0,0,0,3
1,5,0,0,0,0,128,0,0,0
0,0,0,0,0,0,0,0,0,0
0,34,5,32,16,0,0,37,1,0
0,48,0,0,0,0,0,0,0,0
0,0,0,0,0,0,0,0,5,16
19,22,32,5,0,32,0,32,0,32
0,32,0,32,0
//SPOTWELD 11
1,0,1,0,0,0,0,0,0,3
1,5,0,0,0,0,128,0,0,0
0,0,0,0,0,0,0,0,0,0
0,34,5,32,16,0,0,37,1,0
0,48,0,0,0,0,0,0,0,0
0,0,0,0,0,0,0,0,5,16
19,22,32,5,0,32,0,32,0,32
0,32,0,32,0
//SPOTWELD 12
1,0,1,0,0,0,0,0,0,3
1,5,0,0,0,0,128,0,0,0
0,0,0,0,0,0,0,0,0,0
0,34,5,32,16,0,0,37,1,0
0,48,0,0,0,0,0,0,0,0
0,0,0,0,0,0,0,0,5,16
19,22,32,5,0,32,0,32,0,32
0,32,0,32,0
//SPOTWELD 13
1,0,1,0,0,0,0,0,0,3
1,5,0,0,0,0,128,0,0,0
0,0,0,0,0,0,0,0,0,0
0,34,5,32,16,0,0,37,1,0
0,48,0,0,0,0,0,0,0,0
0,0,0,0,0,0,0,0,5,16
19,22,32,5,0,32,0,32,0,32
0,32,0,32,0
//SPOTWELD 14
1,0,1,0,0,0,0,0,0,3
1,5,0,0,0,0,128,0,0,0
0,0,0,0,0,0,0,0,0,0
0,34,5,32,16,0,0,37,1,0
0,48,0,0,0,0,0,0,0,0
0,0,0,0,0,0,0,0,5,16
19,22,32,5,0,32,0,32,0,32
0,32,0,32,0
//SPOTWELD 15
1,0,1,0,0,0,0,0,0,3
1,5,0,0,0,0,128,0,0,0
0,0,0,0,0,0,0,0,0,0
0,34,5,32,16,0,0,37,1,0
0,48,0,0,0,0,0,0,0,0
0,0,0,0,0,0,0,0,5,16
19,22,32,5,0,32,0,32,0,32
0,32,0,32,0
//SPOTWELD 16
1,0,1,0,0,0,0,0,0,3
1,5,0,0,0,0,128,0,0,0
0,0,0,0,0,0,0,0,0,0
0,34,5,32,16,0,0,37,1,0
0,48,0,0,0,0,0,0,0,0
0,0,0,0,0,0,0,0,5,16
19,22,32,5,0,32,0,32,0,32
0,32,0,32,0
//SPOTWELD 17
1,0,1,0,0,0,0,0,0,3
1,5,0,0,0,0,128,0,0,0
0,0,0,0,0,0,0,0,0,0
0,34,5,32,16,0,0,37,1,0
0,48,0,0,0,0,0,0,0,0
0,0,0,0,0,0,0,0,5,16
19,22,32,5,0,32,0,32,0,32
0,32,0,32,0
//SPOTWELD 18
1,0,1,0,0,0,0,0,0,3
1,5,0,0,0,0,128,0,0,0
0,0,0,0,0,0,0,0,0,0
0,34,5,32,16,0,0,37,1,0
0,48,0,0,0,0,0,0,0,0
0,0,0,0,0,0,0,0,5,16
19,22,32,5,0,32,0,32,0,32
0,32,0,32,0
//SPOTWELD 19
1,0,1,0,0,0,0,0,0,3
1,5,0,0,0,0,128,0,0,0
0,0,0,0,0,0,0,0,0,0
0,34,5,32,16,0,0,37,1,0
0,48,0,0,0,0,0,0,0,0
0,0,0,0,0,0,0,0,5,16
19,22,32,5,0,32,0,32,0,32
0,32,0,32,0
//SPOTWELD 20
1,0,1,0,0,0,0,0,0,3
1,5,0,0,0,0,128,0,0,0
0,0,0,0,0,0,0,0,0,0
0,34,5,32,16,0,0,37,1,0
0,48,0,0,0,0,0,0,0,0
0,0,0,0,0,0,0,0,5,16
19,22,32,5,0,32,0,32,0,32
0,32,0,32,0
//SPOTWELD 21
1,0,1,0,0,0,0,0,0,3
1,5,0,0,0,0,128,0,0,0
0,0,0,0,0,0,0,0,0,0
0,34,5,32,16,0,0,37,1,0
0,48,0,0,0,0,0,0,0,0
0,0,0,0,0,0,0,0,5,16
19,22,32,5,0,32,0,32,0,32
0,32,0,32,0
//SPOTWELD 22
1,0,1,0,0,0,0,0,0,3
1,5,0,0,0,0,128,0,0,0
0,0,0,0,0,0,0,0,0,0
0,34,5,32,16,0,0,37,1,0
0,48,0,0,0,0,0,0,0,0
0,0,0,0,0,0,0,0,5,16
19,22,32,5,0,32,0,32,0,32
0,32,0,32,0
//SPOTWELD 23
1,0,1,0,0,0,0,0,0,3
1,5,0,0,0,0,128,0,0,0
0,0,0,0,0,0,0,0,0,0
0,34,5,32,16,0,0,37,1,0
0,48,0,0,0,0,0,0,0,0
0,0,0,0,0,0,0,0,5,16
19,22,32,5,0,32,0,32,0,32
0,32,0,32,0
//SPOTWELD 24
1,0,1,0,0,0,0,0,0,3
1,5,0,0,0,0,128,0,0,0
0,0,0,0,0,0,0,0,0,0
0,34,5,32,16,0,0,37,1,0
0,48,0,0,0,0,0,0,0,0
0,0,0,0,0,0,0,0,5,16
19,22,32,5,0,32,0,32,0,32
0,32,0,32,0
//SPOTWELD 25
1,0,1,0,0,0,0,0,0,3
1,5,0,0,0,0,128,0,0,0
0,0,0,0,0,0,0,0,0,0
0,34,5,32,16,0,0,37,1,0
0,48,0,0,0,0,0,0,0,0
0,0,0,0,0,0,0,0,5,16
19,22,32,5,0,32,0,32,0,32
0,32,0,32,0
//SPOTWELD 26
1,0,1,0,0,0,0,0,0,3
1,5,0,0,0,0,128,0,0,0
0,0,0,0,0,0,0,0,0,0
0,34,5,32,16,0,0,37,1,0
0,48,0,0,0,0,0,0,0,0
0,0,0,0,0,0,0,0,5,16
19,22,32,5,0,32,0,32,0,32
0,32,0,32,0
//SPOTWELD 27
1,0,1,0,0,0,0,0,0,3
1,5,0,0,0,0,128,0,0,0
0,0,0,0,0,0,0,0,0,0
0,34,5,32,16,0,0,37,1,0
0,48,0,0,0,0,0,0,0,0
0,0,0,0,0,0,0,0,5,16
19,22,32,5,0,32,0,32,0,32
0,32,0,32,0
//SPOTWELD 28
1,0,1,0,0,0,0,0,0,3
1,5,0,0,0,0,128,0,0,0
0,0,0,0,0,0,0,0,0,0
0,34,5,32,16,0,0,37,1,0
0,48,0,0,0,0,0,0,0,0
0,0,0,0,0,0,0,0,5,16
19,22,32,5,0,32,0,32,0,32
0,32,0,32,0
//SPOTWELD 29
1,0,1,0,0,0,0,0,0,3
1,5,0,0,0,0,128,0,0,0
0,0,0,0,0,0,0,0,0,0
0,34,5,32,16,0,0,37,1,0
0,48,0,0,0,0,0,0,0,0
0,0,0,0,0,0,0,0,5,16
19,22,32,5,0,32,0,32,0,32
0,32,0,32,0
//SPOTWELD 30
1,0,1,0,0,0,0,0,0,3
1,5,0,0,0,0,128,0,0,0
0,0,0,0,0,0,0,0,0,0
0,34,5,32,16,0,0,37,1,0
0,48,0,0,0,0,0,0,0,0
0,0,0,0,0,0,0,0,5,16
19,22,32,5,0,32,0,32,0,32
0,32,0,32,0
//SPOTWELD 31
1,0,1,0,0,0,0,0,0,3
1,5,0,0,0,0,128,0,0,0
0,0,0,0,0,0,0,0,0,0
0,34,5,32,16,0,0,37,1,0
0,48,0,0,0,0,0,0,0,0
0,0,0,0,0,0,0,0,5,16
19,22,32,5,0,32,0,32,0,32
0,32,0,32,0
